t0,t1,t2,t3,t4,t5,t6,t7,t8,t9,t10,t11,t12,t13,t14,t15,t16,t17,t18,t19,t20,t21,t22,t23,t24,t25,t26,t27,t28,t29,t30,t31,t32,t33,t34,t35,t36,t37,t38,t39,t40,t41,t42,t43,t44,t45,t46,t47,t48,t49,t50,t51,t52,t53,t54,t55,t56,t57,t58,t59,t60,t61,t62,t63,t64,t65,t66,t67,t68,t69,t70,t71,t72,t73,t74,t75,t76,t77,t78,t79,t80,t81,t82,t83,t84,t85,t86,t87,t88,t89,t90,t91,t92,t93,t94,t95,t96,t97,t98,t99,t100,t101,t102,t103,t104,t105,t106,t107,t108,t109,t110,t111,t112,t113,t114,t115,t116,t117,t118,t119,t120,t121,t122,t123,t124,t125,t126,t127,t128,t129,t130,t131,t132,t133,t134,t135,t136,t137,t138,t139,t140,t141,t142,t143,t144,t145,t146,t147,t148,t149,t150,t151,t152,t153,t154,t155,t156,t157,t158,t159,t160,t161,t162,t163,t164,t165,t166,t167,t168,t169,t170,t171,t172,t173,t174,t175,t176,t177,t178,t179,t180,t181,t182,t183,t184,t185,t186,t187,t188,t189,t190,t191,t192,t193,t194,t195,t196,t197,t198,t199,t200,t201,t202,t203,t204,t205,t206,t207,t208,t209,t210,t211,t212,t213,t214,t215,t216,t217,t218,t219,t220,t221,t222,t223,t224,t225,t226,t227,t228,t229,t230,t231,t232,t233,t234,t235,t236,t237,t238,t239,t240,t241,t242,t243,t244,t245,t246,t247,t248,t249,t250,t251,t252,t253,t254,t255,t256,t257,t258,t259,t260,t261,t262,t263,t264,t265,t266,t267,t268,t269,t270,t271,t272,t273,t274,t275,t276,t277,t278,t279,t280,t281,t282,t283,t284,t285,t286,t287,t288,t289,t290,t291,t292,t293,t294,t295,t296,t297,t298,t299,t300,t301,t302,t303,t304,t305,t306,t307,t308,t309,t310,t311,t312,t313,t314,t315,t316,t317,t318,t319,t320,t321,t322,t323,t324,t325,t326,t327,t328,t329,t330,t331,t332,t333,t334,t335,t336,t337,t338,t339,t340,t341,t342,t343,t344,t345,t346,t347,t348,t349,t350,t351,t352,t353,t354,t355,t356,t357,t358,t359,t360,t361,t362,t363,t364,t365,t366,t367,t368,t369,t370,t371,t372,t373,t374,t375,t376,t377,t378,t379,t380,t381,t382,t383,t384,t385,t386,t387,t388,t389,t390,t391,t392,t393,t394,t395,t396,t397,t398,t399,t400,t401,t402,t403,t404,t405,t406,t407,t408,t409,t410,t411,t412,t413,t414,t415,t416,t417,t418,t419,t420,t421,t422,t423,t424,t425,t426,t427,t428,t429,t430,t431,t432,t433,t434,t435,t436,t437,t438,t439,t440,t441,t442,t443,t444,t445,t446,t447,t448,t449,t450,t451,t452,t453,t454,t455,t456,t457,t458,t459,t460,t461,t462,t463,t464,t465,t466,t467,t468,t469,t470,t471,t472,t473,t474,t475,t476,t477,t478,t479,t480,t481,t482,t483,t484,t485,t486,t487,t488,t489,t490,t491,t492,t493,t494,t495,t496,t497,t498,t499,t500,t501,t502,t503,t504,t505,t506,t507,t508,t509,t510,t511,t512,t513,t514,t515,t516,t517,t518,t519,t520,t521,t522,t523,t524,t525,t526,t527,t528,t529,t530,t531,t532,t533,t534,t535,t536,t537,t538,t539,t540,t541,t542,t543,t544,t545,t546,t547,t548,t549,t550,t551,t552,t553,t554,t555,t556,t557,t558,t559,t560,t561,t562,t563,t564,t565,t566,t567,t568,t569,t570,t571,t572,t573,t574,t575,t576,t577,t578,t579,t580,t581,t582,t583,t584,t585,t586,t587,t588,t589,t590,t591,t592,t593,t594,t595,t596,t597,t598,t599,t600,t601,t602,t603,t604,t605,t606,t607,t608,t609,t610,t611,t612,t613,t614,t615,t616,t617,t618,t619,t620,t621,t622,t623,t624,t625,t626,t627,t628,t629,t630,t631,t632,t633,t634,t635,t636,t637,t638,t639,t640,t641,t642,t643,t644,t645,t646,t647,t648,t649,t650,t651,t652,t653,t654,t655,t656,t657,t658,t659,t660,t661,t662,t663,t664,t665,t666,t667,t668,t669,t670,t671,t672,t673,t674,t675,t676,t677,t678,t679,t680,t681,t682,t683,t684,t685,t686,t687,t688,t689,t690,t691,t692,t693,t694,t695,t696,t697,t698,t699,t700,t701,t702,t703,t704,t705,t706,t707,t708,t709,t710,t711,t712,t713,t714,t715,t716,t717,t718,t719,t720,t721,t722,t723,t724,t725,t726,t727,t728,t729,t730,t731,t732,t733,t734,t735,t736,t737,t738,t739,t740,t741,t742,t743,t744,t745,t746,t747,t748,t749,t750,t751,t752,t753,t754,t755,t756,t757,t758,t759,t760,t761,t762,t763,t764,t765,t766,t767,t768,t769,t770,t771,t772,t773,t774,t775,t776,t777,t778,t779,t780,t781,t782,t783,t784,t785,t786,t787,t788,t789,t790,t791,t792,t793,t794,t795,t796,t797,t798,t799,t800,t801,t802,t803,t804,t805,t806,t807,t808,t809,t810,t811,t812,t813,t814,t815,t816,t817,t818,t819,t820,t821,t822,t823,t824,t825,t826,t827,t828,t829,t830,t831,t832,t833,t834,t835,t836,t837,t838,t839,t840,t841,t842,t843,t844,t845,t846,t847,t848,t849,t850,t851,t852,t853,t854,t855,t856,t857,t858,t859,t860,t861,t862,t863,t864,t865,t866,t867,t868,t869,t870,t871,t872,t873,t874,t875,t876,t877,t878,t879,t880,t881,t882,t883,t884,t885,t886,t887,t888,t889,t890,t891,t892,t893,t894,t895,t896,t897,t898,t899,t900,t901,t902,t903,t904,t905,t906,t907,t908,t909,t910,t911,t912,t913,t914,t915,t916,t917,t918,t919,t920,t921,t922,t923,t924,t925,t926,t927,t928,t929,t930,t931,t932,t933,t934,t935,t936,t937,t938,t939,t940,t941,t942,t943,t944,t945,t946,t947,t948,t949,t950,t951,t952,t953,t954,t955,t956,t957,t958,t959,t960,t961,t962,t963,t964,t965,t966,t967,t968,t969,t970,t971,t972,t973,t974,t975,t976,t977,t978,t979,t980,t981,t982,t983,t984,t985,t986,t987,t988,t989,t990,t991,t992,t993,t994,t995,t996,t997,t998,t999,t1000,t1001,t1002,t1003,t1004,t1005,t1006,t1007,t1008,t1009,t1010,t1011,t1012,t1013,t1014,t1015,t1016,t1017,t1018,t1019,t1020,t1021,t1022,t1023,t1024,t1025,t1026,t1027,t1028,t1029,t1030,t1031,t1032,t1033,t1034,t1035,t1036,t1037,t1038,t1039,t1040,t1041,t1042,t1043,t1044,t1045,t1046,t1047,t1048,t1049,t1050,t1051,t1052,t1053,t1054,t1055,t1056,t1057,t1058,t1059,t1060,t1061,t1062,t1063,t1064,t1065,t1066,t1067,t1068,t1069,t1070,t1071,t1072,t1073,t1074,t1075,t1076,t1077,t1078,t1079,t1080,t1081,t1082,t1083,t1084,t1085,t1086,t1087,t1088,t1089,t1090,t1091,t1092,t1093,t1094,t1095,t1096,t1097,t1098,t1099,t1100,t1101,t1102,t1103,t1104,t1105,t1106,t1107,t1108,t1109,t1110,t1111,t1112,t1113,t1114,t1115,t1116,t1117,t1118,t1119,t1120,t1121,t1122,t1123,t1124,t1125,t1126,t1127,t1128,t1129,t1130,t1131,t1132,t1133,t1134,t1135,t1136,t1137,t1138,t1139,t1140,t1141,t1142,t1143,t1144,t1145,t1146,t1147,t1148,t1149,t1150,t1151,t1152,t1153,t1154,t1155,t1156,t1157,t1158,t1159,t1160,t1161,t1162,t1163,t1164,t1165,t1166,t1167,t1168,t1169,t1170,t1171,t1172,t1173,t1174,t1175,t1176,t1177,t1178,t1179,t1180,t1181,t1182,t1183,t1184,t1185,t1186,t1187,t1188,t1189,t1190,t1191,t1192,t1193,t1194,t1195,t1196,t1197,t1198,t1199,t1200,t1201,t1202,t1203,t1204,t1205,t1206,t1207,t1208,t1209,t1210,t1211,t1212,t1213,t1214,t1215,t1216,t1217,t1218,t1219,t1220,t1221,t1222,t1223,t1224,t1225,t1226,t1227,t1228,t1229,t1230,t1231,t1232,t1233,t1234,t1235,t1236,t1237,t1238,t1239,t1240,t1241,t1242,t1243,t1244,t1245,t1246,t1247,t1248,t1249,t1250,t1251,t1252,t1253,t1254,t1255,t1256,t1257,t1258,t1259,t1260,t1261,t1262,t1263,t1264,t1265,t1266,t1267,t1268,t1269,t1270,t1271,t1272,t1273,t1274,t1275,t1276,t1277,t1278,t1279,t1280,t1281,t1282,t1283,t1284,t1285,t1286,t1287,t1288,t1289,t1290,t1291,t1292,t1293,t1294,t1295,t1296,t1297,t1298,t1299,t1300,t1301,t1302,t1303,t1304,t1305,t1306,t1307,t1308,t1309,t1310,t1311,t1312,t1313,t1314,t1315,t1316,t1317,t1318,t1319,t1320,t1321,t1322,t1323,t1324,t1325,t1326,t1327,t1328,t1329,t1330,t1331,t1332,t1333,t1334,t1335,t1336,t1337,t1338,t1339,t1340,t1341,t1342,t1343,t1344,t1345,t1346,t1347,t1348,t1349,t1350,t1351,t1352,t1353,t1354,t1355,t1356,t1357,t1358,t1359,t1360,t1361,t1362,t1363,t1364,t1365,t1366,t1367,t1368,t1369,t1370,t1371,t1372,t1373,t1374,t1375,t1376,t1377,t1378,t1379,t1380,t1381,t1382,t1383,t1384,t1385,t1386,t1387,t1388,t1389,t1390,t1391,t1392,t1393,t1394,t1395,t1396,t1397,t1398,t1399,t1400,t1401,t1402,t1403,t1404,t1405,t1406,t1407,t1408,t1409,t1410,t1411,t1412,t1413,t1414,t1415,t1416,t1417,t1418,t1419,t1420,t1421,t1422,t1423,t1424,t1425,t1426,t1427,t1428,t1429,t1430,t1431,t1432,t1433,t1434,t1435,t1436,t1437,t1438,t1439
0,900,1200,900,1020,1320,1740,1920,2160,1980,2160,1860,2700,2520,3240,3180,3300,3240,3840,4740,4740,5580,5700,6120,6300,6720,7260,7320,7260,8100,8940,9180,9000,8820,8760,8520,8220,8760,8880,9480,9480,10380,10260,11100,11160,11580,11580,12060,12540,13200,13680,14520,15120,15000,15660,16260,16680,17220,17400,17160,17220,17700,18540,18420,19080,19740,19560,20460,20640,20520,21360,21540,22020,22620,23040,23880,23640,23520,23880,23760,24600,24600,25500,25560,26040,26340,26160,26880,26880,26760,26820,27540,28260,28920,28980,29040,29820,30480,31080,31440,32340,32400,32220,32160,32340,32760,33660,34140,34680,35100,35340,35640,36000,35760,36300,36600,36420,36540,36780,36720,37440,38100,37860,38160,38280,38880,39300,39960,39840,40680,40440,41220,41220,41280,41940,41940,41880,42480,42960,43200,43800,43920,44760,45120,45780,45540,45960,46860,47220,47040,47160,48060,48840,49560,50340,50760,51600,51960,52860,53160,53580,54240,54120,54360,54900,55680,55920,56160,57060,57660,58380,58440,58440,58560,59460,59220,59760,59460,59520,60060,60060,60720,61500,62340,62580,62760,62760,63180,64080,64500,65340,66000,66060,66600,67200,67920,68340,69000,69780,70680,70380,70860,70740,71640,71700,72420,72780,73200,73920,74520,74580,74940,74820,75660,75720,76080,76320,76920,76680,76620,76800,76980,77040,77820,77820,77520,77760,78060,77940,77820,78240,78720,78420,79020,79620,80280,80220,80100,80280,80160,80760,80580,81300,81720,82080,82560,82440,82800,83160,82980,83640,84540,85140,84960,84720,84660,85200,85140,85740,86640,87360,87540,88200,89100,88920,88680,88380,89040,89520,89340,90060,90240,90240,90540,91320,91500,91560,91860,91560,91320,91800,92700,92580,92940,93840,94740,95640,96540,97440,98340,99240,100140,101040,101940,102840,103740,104640,105540,106440,107340,108240,109140,110040,110940,111840,112740,113640,114540,115440,116340,117240,118140,119040,119940,120840,121740,122640,123540,124440,125340,126240,127140,128040,128940,129840,130740,131640,132540,133440,134340,135240,136140,137040,137940,138840,139740,140640,141540,142440,143340,144240,145140,146040,146940,147840,148740,149640,150540,151440,152340,153240,154140,155040,155940,156840,157740,158640,159540,160440,161340,162240,163140,164040,164940,165840,166740,167640,168540,169440,170340,171240,172140,173040,173940,174840,175740,176640,177540,178440,179340,180240,181140,182040,182940,183840,184740,185640,186540,187440,188340,189240,190140,191040,191940,192840,193740,194640,195540,196440,197340,198240,199140,200040,200940,201840,202440,203340,203460,203340,203520,203220,203100,202800,203280,203700,203520,204000,203940,204360,204060,204900,205200,205140,204960,205200,205740,205620,205620,205320,205020,205500,205200,205980,206460,207240,207900,207960,208200,208980,209760,209580,210060,209880,210300,210960,211080,211440,211740,211620,212340,212580,213060,213360,213900,214500,214860,214620,214740,214860,214740,214860,215160,215280,216060,216420,217080,216780,216480,216900,217620,217920,218040,218220,219060,219360,219420,219720,219900,219840,220620,221280,221280,221700,221520,221340,222240,223140,223860,224760,225180,226080,226020,226920,226620,226680,227340,227640,228480,228420,229140,229140,229380,229980,230820,230940,230700,231420,232200,232800,233400,233460,233520,233580,234120,233880,233880,234480,234660,234960,235620,236280,236340,236220,236520,236760,236580,237300,237360,237120,237720,238020,238800,238560,238320,238620,239160,239160,239280,239340,239340,239880,239760,240000,239940,240120,240300,240960,240780,241560,242220,242580,242820,243420,244140,244980,245700,245880,246360,247140,247440,247260,248160,248160,248640,248760,249420,249840,249720,250080,249960,250260,250380,250260,250620,251400,251700,252180,252420,252840,253740,253860,253980,254100,254160,254340,254100,254400,255120,255120,255720,255420,255240,255060,255540,255660,256320,256620,256800,256680,256560,257040,257340,257520,257580,257580,257400,258180,258660,258420,258900,259320,259380,259140,259500,259440,259980,259680,260280,260160,260700,261060,261960,262800,262500,262440,263220,262920,262980,263220,263820,264120,264120,264480,264660,265320,265980,266040,266940,267000,267060,267000,267060,266940,266940,266760,267120,267960,267780,267600,267300,267120,267840,268440,268620,268740,269400,270180,270480,271140,270900,271800,272220,272760,273420,273840,273720,274200,275040,275280,275280,275040,274800,274980,275280,275640,276420,276780,277080,277380,277920,277620,278100,278100,278040,277920,277860,278340,279000,279480,279600,280200,280620,280860,281100,281400,281460,281880,281700,282600,283440,284280,284580,285240,285840,285780,285540,285600,285600,286320,286860,286620,286320,286980,286980,286800,287460,287700,288360,289140,289380,289080,289920,290040,290220,290220,290280,290760,290700,291420,291660,291480,291180,291240,291300,291000,291780,292320,292920,293220,293700,294060,293940,294180,294600,295320,295080,295740,295860,296640,297300,297960,298380,298080,298620,299460,299700,299820,299700,300060,300660,300780,301200,300900,300960,301620,302280,303060,302880,303720,304380,304680,305400,305280,305400,306300,306060,306420,307260,307140,307560,307980,308220,308880,309600,310500,311340,311760,311820,312720,313560,313440,313980,314640,314880,315240,315720,316440,316620,317220,317820,317820,318420,318180,318000,318180,318000,318600,318900,319020,318840,319500,320220,320100,320100,320520,320880,321540,321300,321360,321300,321180,321300,321060,321600,321720,322560,322800,323400,323520,324360,325080,324780,325380,325080,325680,325620,326460,326160,325860,326160,326280,326100,326520,326820,327540,328440,329340,329460,330180,331020,331020,330960,331560,332100,331860,332100,332580,332700,333540,333780,333660,334080,334860,334920,334680,334500,334200,335100,335880,335760,335940,335700,336060,336300,337200,337380,337440,337440,337920,338040,337980,338100,338280,338400,339000,338700,339420,339900,339840,339960,340080,339960,340680,341580,342180,342600,342900,342660,342480,342780,343140,343320,344220,344880,345360,345360,345780,346140,346860,347640,347520,347340,347100,346860,347400,347100,346980,346980,347160,347280,347280,347700,347580,348240,348240,348420,349080,349320,349500,349620,350040,349980,350760,351420,351780,352080,352620,352500,352560,352440,353340,353700,354540,354600,355020,355560,355380,355980,355980,356820,357000,357720,358620,358560,359460,359520,360300,360900,361620,361380,361440,361500,361800,362340,363180,363300,363480,363480,363180,362940,363060,363240,363420,363840,363600,363300,364020,364140,364440,364260,365100,365700,365880,366120,366840,366900,367260,367860,367920,368400,368340,369180,369960,370320,370080,370740,370620,370860,371520,371340,371220,371760,371700,371580,371700,371640,372180,372120,373020,373260,373320,373200,373500,374040,374340,374040,374100,375000,375900,375960,376440,376680,376380,376620,376500,377160,377040,376800,377280,377160,377460,377940,378180,378360,378060,378360,379020,379740,379800,380160,380100,379860,380520,381120,381600,382140,381960,382380,382500,383160,383520,384300,385140,385860,386580,386940,386880,387600,388440,389280,390000,390660,391200,391680,391860,391860,391680,391380,391800,392460,392220,392040,392040,392340,392940,392820,393060,393960,393840,394380,394680,394560,395100,395760,396540,397200,397860,397680,398280,398280,399120,399900,400380,400380,400140,400980,400680,400860,401460,401700,401820,402300,403020,403680,403980,403680,403620,404520,404820,405660,405840,406620,406680,406500,406500,407160,406860,406620,406380,406140,406440,407160,407760,408060,408720,409500,409860,410340,410340,410820,411600,411900,412680,412740,412560,412980,413340,413040,413100,412800,413220,414000,414660,415020,415800,415860,416340,416460,416160,416760,417360,417600,418140,418920,419280,419940,420120,420300,420240,420540,421140,421020,421500,421320,421080,420960,420660,420360,420780,421260,422100,422340,422700,422940,423120,423060,423240,423000,423420,423900,424080,424440,424800,424560,425160,425700,425940,426360,426360,426120,426360,426600,426480,426180,426660,427080,427860,428700,429480,429600,429960,430440,431040,430740,431100,431940,432840,433500,433380,433320,433680,433380,433380,433080,433320,433920,434700,434700,435060,435720,435720,435720,435540,436440,436140,436440,436740,436860,436680,436440,436920,436740,437640,438120,438120,438240,438300,438000,438840,438780,439560,440160,440580,441300,441600,442260,442320,443220,443820,444540,445440,445200,445020,445140,445260,445020,445620,445980,445740,446400,446340,446400,446700,446880,447060,447420,447840,448740,448620,448440,448920,449760,449700,449880,449940,449760,450120,450060,450120,450720,450720,451440,451200,451920,452100,452160,452700,453360,454200,455100,455100,455640,455820,455760,456480,456840,457260,457920,457620,458340,458220,458100,458340,458760,459240,459960,459720,460560,461400,461460,461520,462360,462720,463260,463620,463320,463320,463500,463980,464520,464760,465300,465660,465840,465960,466560,467400,467400,467820,467520,467220,467040,467040,467100,467880,468180,467880,468360,468420,468840,469200,468960,469680,469500,470220,470400,471240,471300,471000,471000,471060,471240,471540,472080,472980,473640,473400,473940,474600,475080,475620,476220,476820,477240,477900,478260,478020,478080,478560,479400,479460,479700,480000,480360,480840,481080,481440,482040,481800,481620,482340,482280,482880,483600,483600,483840,484740,484740,484980,485700,486600,486840,487740,487860,488640,489180,489540,490320,491040,491880,492060,492180,491940,491940,491820,491700,492540,492240,492060,492720,492600,492660,492780,492540,493020,493320,493560,494220,494460,494520,494940,495660,496200,496260,496800,497700,498600,498720,499560,499560,499860,500340,500400,500820,501120,500940,501240,500940,501660,502440
0,0,480,360,240,0,300,180,60,0,480,180,660,720,780,1500,1560,1980,2400,2820,3420,3300,3360,3240,4140,4020,3900,3960,4140,3960,3720,3480,3240,3000,3660,3720,4080,4920,5580,5700,5700,5700,5880,6480,6180,6960,6660,6660,6360,6600,7140,8040,8220,8640,8760,8880,8820,8940,9060,9240,9000,8760,9060,8820,8760,8460,9360,9120,9540,10020,9960,9720,10320,11100,10860,11040,10800,10620,10380,10140,10140,10980,11880,11880,11640,11640,11760,12540,12540,13140,13140,13800,14580,15120,15120,15360,15240,15840,16440,16440,16440,16440,16680,16920,16620,16620,16500,16500,16500,16800,16800,16800,16500,16680,16740,16440,16920,16620,16320,16440,16140,16740,16440,16920,16980,16680,17580,17280,16980,16680,17160,16860,16560,16260,16980,17760,18480,18180,18840,18540,18840,19740,20340,21060,20820,21720,21420,21120,20820,20520,21420,21120,20820,20520,21120,20820,21540,21840,21900,21900,21600,22080,22080,22800,22500,22200,21900,21720,21420,21780,21840,22140,21840,21540,22080,22680,22500,22200,21900,22200,23100,23460,23160,23340,23640,23340,23040,22740,23220,22920,22800,22500,22500,22200,21900,21600,22500,22200,22500,22200,21900,21600,21300,21240,22020,22680,22920,23160,23760,23700,24360,25200,25140,25500,25440,25380,25320,25020,25020,24960,24660,24360,24480,25020,25080,25020,24900,24600,24300,24180,24060,23940,24300,24000,23880,23820,24120,24780,25440,26220,26100,26340,27240,27540,27240,27060,27000,27120,27060,27480,27540,27480,28380,29280,30180,31080,31980,32880,33780,34680,35580,36480,37380,38280,39180,40080,40980,41880,42780,43680,44580,45480,46380,47280,48180,49080,49980,50880,51780,52680,53580,54480,55380,56280,57180,58080,58980,59880,60780,61680,62580,63480,64380,65280,66180,67080,67980,68880,69780,70680,71580,72480,73380,74280,75180,76080,76980,77880,78780,79680,80580,81480,82380,83280,84180,85080,85980,86880,87780,88680,89580,90480,91380,92280,93180,94080,94980,95880,96780,97680,98580,99480,100380,101280,102180,103080,103980,104880,105780,106680,107580,108480,109380,110280,111180,112080,112980,113880,114780,115680,116580,117480,118380,119280,120180,121080,121980,122880,123780,124680,125580,126480,127380,128280,129180,130080,130980,131880,132780,133680,134580,135480,136380,137280,138180,139080,139980,140880,141780,142680,143580,144480,145380,146280,147180,148080,148980,149880,150780,151680,152580,153480,154380,155280,156180,157080,157980,158880,159780,160680,161580,162480,163380,164280,165180,166020,166800,166740,166680,166620,166980,166920,166860,166800,166740,166680,166980,166920,166920,166860,166680,166620,166560,166320,166800,166740,166680,166620,166500,167340,168000,168360,168300,168240,169080,169980,169860,170580,171000,171480,172080,171900,171720,171540,171360,171180,171000,171480,171300,171720,171540,171360,171180,171000,171000,170820,171480,172020,172740,173100,172920,173580,173400,173700,173400,173400,174180,174300,174540,174360,174180,174600,174420,174240,174360,174180,174000,173820,173640,174060,173880,174060,173940,174660,174480,174300,174840,174960,174960,174780,174600,175380,175560,175380,176100,177000,177360,177180,177480,177300,177120,176940,176760,176580,176820,176640,176460,176280,177000,176820,176640,176460,176280,177060,176940,176760,177300,177120,176940,176760,176520,176700,176760,176580,177000,176820,177300,177120,177720,177480,177240,177660,177420,177180,176940,176700,176700,176460,176820,176580,176340,176700,176460,176280,176640,176460,176220,175980,175920,176580,176340,176100,175860,175620,175380,175380,175380,175140,174900,174660,174660,174420,174180,173940,174480,174900,174660,174420,174180,173880,173640,173400,173160,172920,172860,172620,173460,173220,173700,173460,173220,173700,173400,173160,173580,173880,173640,173580,173340,173100,173580,173700,174600,174300,174720,175380,175080,175620,175320,175020,174780,175500,175200,174900,174600,174300,175080,175500,176040,175740,175440,175140,174840,174540,174240,175080,175380,175440,176220,176940,176640,176340,176040,175800,175500,175200,174900,174780,174960,174660,175080,174780,175140,175440,175140,175260,175680,175980,175740,175440,176340,177000,177240,177840,177660,178440,178740,178560,178380,179220,179280,179100,178920,178740,178740,178560,178380,178200,178860,179580,179400,179220,179760,179700,179520,179340,179700,180060,179880,179700,179520,179340,179460,179760,180300,180120,180420,180240,180060,179880,179700,180000,180900,181440,181260,181320,181140,180960,180780,180600,180420,181020,180840,181140,180960,180780,181380,181260,181080,180840,180660,180540,180780,181260,181080,181800,181620,181440,181140,180960,181740,182340,182640,183420,183240,183240,183960,183840,183660,183900,183720,184440,184260,184380,184200,184020,183900,184500,184320,184140,184620,184440,184260,184080,183900,183780,184140,183960,183780,184620,184440,184860,185520,185340,185760,185580,185880,186360,186360,187200,187020,187200,187200,187020,187380,187200,187020,187260,187740,188100,187920,188400,189300,189120,188940,188940,188760,188580,188940,188820,189240,189600,189900,189600,189300,189300,189960,190620,190320,190740,190560,191400,191700,191400,191100,190800,190500,190200,189900,190680,191040,191160,190860,190560,190260,189960,190020,189720,190440,190140,189840,189540,189240,188940,189480,189660,189360,189960,189660,190200,190620,190620,190320,190020,189720,190020,190740,190440,190140,189900,189900,189600,189300,189000,189180,188880,189300,189480,189180,188880,189240,190080,189780,189480,189360,189060,189660,189360,189420,189120,188820,188700,189300,189660,189540,189240,189900,190260,191160,192060,191760,191460,191460,191160,190860,191520,191280,192000,191700,191760,192540,192900,192600,192300,192120,191820,192120,191820,191520,191760,191460,191160,190860,191700,191400,192000,192660,193140,193440,194160,193860,193800,193560,193920,193620,193320,193320,193020,192720,192480,193080,192780,192480,193080,193080,192780,192480,192480,192180,191940,191640,192480,192600,192360,192300,192120,192060,192300,192000,192720,192420,192900,192900,192900,193680,194100,194880,194940,195000,194700,194700,195360,195480,195840,196320,196740,196440,196140,195840,195540,195660,195360,195780,196560,196440,196320,196020,195720,195420,195120,195360,195060,194760,194460,194940,195540,195240,195060,194760,194460,194580,194280,193980,193680,193380,193080,193920,193620,193320,193020,192720,192420,192180,191880,191880,191580,192240,192180,192180,192720,192900,193560,193920,194400,195180,195960,196860,196680,196380,196080,196320,197100,197940,197640,197340,197040,196740,196440,197040,196740,196440,196140,196260,196860,197040,197580,198360,199200,200040,199920,199920,199800,200460,200340,200220,200220,200880,201360,201120,201000,200880,200760,201360,201180,201840,201720,201600,201480,201360,201240,201840,202680,202560,202440,202800,202620,202980,202800,202620,202320,202140,202740,203040,202860,203580,203400,203580,203400,203220,203040,202860,203700,203820,204420,205140,204960,204780,204600,204300,204900,204720,204900,205380,205200,205320,205140,205380,205740,205980,205800,206520,206340,206160,207060,206880,206820,207120,207360,207300,207600,207540,207480,207420,207720,207480,207240,207180,208020,208380,208380,208980,208920,208920,209280,209220,209460,209760,210540,210600,210540,210240,210180,210240,210180,209880,209820,210600,210540,211200,211140,211620,211560,211500,211440,211380,211320,211800,211740,212520,212400,212340,212280,212220,212160,212100,212700,212640,212580,212520,212460,212220,212160,212340,212280,212220,212160,212100,212640,212340,213120,213060,213540,214440,214380,214320,214740,214680,215280,216000,215940,215880,215820,215760,215700,215640,216060,216000,215940,215880,215820,216300,216540,216480,216600,217200,217140,217080,217020,216960,217200,217980,218820,219360,219300,219240,219360,219300,219960,220200,220140,220920,220860,220680,220560,221220,221880,221820,221760,222660,222960,222660,222600,223320,223500,223440,223860,223800,223920,223860,223800,223740,223980,224580,225180,225120,225060,224940,225300,225240,225180,225480,225300,226200,226620,226920,227220,227160,227880,227760,228060,228360,228060,228780,229080,229380,229680,230280,230580,230880,231180,231420,231720,232020,232500,232800,233340,233640,233700,234000,234300,234600,234420,234720,235080,235080,235380,235380,235560,235860,236220,236880,237420,237720,238500,239400,239400,240180,240060,240420,240660,240840,241200,241080,241380,241680,241980,242820,243240,243540,243780,243900,244200,244500,244860,244980,245280,245280,245640,245940,246240,246300,246600,246900,247320,247560,248340,248580,248880,249180,249480,249180,248880,249360,250020,249720,250080,249780,250680,250380,250080,249780,249840,250620,250320,250680,250380,251160,251640,251940,251640,252060,252780,252480,252900,252600,252900,253680,253380,254040,254040,253740,254160,254820,255420,255120,255120,254820,254520,254520,254220,254940,255540,255240,254940,254640,254340,254640,254340,255000,255240,255960,256860,256920,256620,256980,256740,256440,257100,257100,257460,258360,258840,258960,259860,259560,259680,259380,259080,259380,259200,258900,258600,258480,258480,259020,258840,259140,259740,259560,259260,258960,258660,258780,259440,259440,259380,259080,258780,258780,259680,259860,260040,259740,259440,259440,259140,259320,259020,259500,260100,260820,260880,260700,261600,261300,261540,261360,261060,261660,261360,261900,262080,262860,263640,264060,263940,263760,263520,263280,263040,262980,262740,263580,264420,264720,265380,265860,265860,266520,266280,266040,266100,265860,265620,265380,265680,266520,266280,266040,265800,265560,265320,265500,265260,265020,264780,264540,264300,264060,263820,263880,263640,263400,263160,264060,264960,265860,266760,267660,268560
360,720,1080,1980,2340,2700,3060,3420,3780,4140,3960,4320,4680,5040,5580,5940,6300,6660,7020,7620,7920,8280,8640,9000,9360,9720,10260,10140,10500,10260,11100,11460,11820,12180,12540,12780,13140,13500,13560,13980,13680,14160,14760,15300,15000,15360,15540,15240,14940,14640,14340,14040,13740,13920,13620,13320,13020,13200,12900,12600,12540,12240,11940,11640,11340,11040,10740,10440,10140,10140,9840,9540,9240,8940,8640,8340,8040,7740,7440,8160,7860,7980,7680,7500,7200,6900,6600,6300,6000,5700,5400,5100,4800,4500,4200,3900,3720,4020,3720,3540,3660,4080,3780,3600,3420,3240,3480,4320,4020,3720,3540,3660,3480,3300,3120,2940,2760,2580,2280,2100,1920,1740,2160,2940,2760,2580,2400,2220,2040,2220,2040,1860,1680,1500,1320,1140,1440,1260,1080,1920,1740,1560,1740,1860,2640,2820,3660,3480,3300,3060,3600,4380,4200,4020,3960,4680,4500,4320,4140,4860,4560,4260,3960,4740,4620,4320,4200,4080,3780,3600,3420,3480,3300,3540,3360,3240,3060,2880,2700,2520,2340,3120,2940,3060,2880,2700,2520,2340,2460,3360,3180,2880,3600,3300,3000,2700,2400,2100,1800,1500,1200,960,1380,1080,1260,960,660,360,60,0,0,360,60,960,660,1260,1560,1260,960,960,660,900,1740,2220,1920,1620,1320,1020,1500,1260,1020,720,420,180,0,300,1020,1080,1140,2040,2940,3840,4740,5640,6540,7440,8340,9240,10140,11040,11940,12840,13740,14640,15540,16440,17340,18240,19140,20040,20940,21840,22740,23640,24540,25440,26340,27240,28140,29040,29940,30840,31740,32640,33540,34440,35340,36240,37140,38040,38940,39840,40740,41640,42540,43440,44340,45240,46140,47040,47940,48840,49740,50640,51540,52440,53340,54240,55140,56040,56940,57840,58740,59640,60540,61440,62340,63240,64140,65040,65940,66840,67740,68640,69540,70440,71340,72240,73140,74040,74940,75840,76740,77640,78540,79440,80340,81240,82140,83040,83940,84840,85740,86640,87540,88440,89340,90240,91140,92040,92940,93840,94740,95640,96540,97440,98340,99240,100140,101040,101940,102840,103740,104640,105540,106440,107340,108240,109140,110040,110940,111840,112740,113640,114540,115440,116340,117240,118140,119040,119940,120840,121740,122640,123540,124440,125340,126240,127140,128040,128940,129840,130740,131640,132540,133440,134340,135240,136140,137040,137940,138840,139740,140640,141540,142440,143340,144240,145140,146040,146940,147840,148740,149640,150540,151440,151140,152040,151740,151620,151320,151020,151140,150840,150540,151320,152040,151740,151560,151260,150960,150660,150360,150060,149760,149460,149160,148860,149160,148860,149040,148740,148440,148140,148800,148500,148920,148980,148680,148380,148080,148440,148140,147840,148080,148800,148500,148200,148080,147780,147600,148080,147780,147480,147180,146880,146580,146280,145980,145680,145380,145080,144780,144480,144180,143880,144720,145320,145860,145560,145260,144960,144660,144360,144060,143760,143760,144300,144000,143880,143940,144180,143880,143580,143280,142980,142680,142620,142320,142080,141780,141480,141360,141060,140760,140460,140160,139860,140220,139920,140820,140580,140340,140100,139860,140040,139800,140640,140400,140160,139920,139680,139620,139380,139140,138900,138660,139560,139320,139080,139080,139140,139740,139500,139320,139080,138840,138600,138660,138420,138180,137940,137700,137460,137220,136980,136740,136500,136260,137100,137700,137400,137100,136860,136560,136260,136020,135720,135420,135120,135420,135120,134820,134580,134340,134400,134160,133920,133680,133440,133560,133440,133860,133980,134640,134760,134880,135000,135120,135900,136560,136680,137220,137340,137460,138000,138840,138960,139200,139320,139440,139560,139680,139800,139560,139680,139800,139740,140100,140220,140340,140460,140340,140160,140040,139860,139740,139620,139500,139380,139260,139140,139020,139020,138780,138660,138540,138420,138960,138840,138720,138600,138480,138360,138240,138120,138000,138660,138540,138420,138660,138540,139140,139020,139320,139200,139080,139680,139560,139440,139320,139200,139080,138960,138780,139140,139020,138900,138780,138660,138540,139140,139020,138900,138780,138660,138600,139140,139020,139260,139500,139380,139380,139260,140040,139920,140100,139980,139680,139560,139440,139320,139500,139680,139860,140580,140760,140940,141120,141420,141600,141480,141660,141420,141600,141960,141840,142020,142800,142980,142860,142740,142620,143520,143700,143880,143820,144000,144180,144360,144540,144720,144900,145080,145140,145320,145500,145680,145860,146040,146220,146400,146580,146340,146520,146700,147300,147840,148020,148200,148380,148920,149100,149520,150300,150420,150600,150780,151380,151560,151740,151920,152100,152280,152700,152940,153480,153660,153540,153720,153900,154080,154260,154440,154620,154800,154680,154560,154440,154320,154500,154380,154260,154560,154440,154320,154200,154080,153960,153840,153720,153600,153480,153360,154200,154080,154980,154860,155580,155460,155340,155700,155580,155460,155220,155100,154980,155820,155700,155580,155460,155340,155220,155220,155100,154980,155100,154980,154860,155520,155400,155580,156120,156000,156240,156000,155760,156660,156780,156540,156300,156660,157020,156900,156660,156540,156300,156060,155820,155580,156480,156240,156420,156180,156840,157560,157320,157080,156780,157260,157020,157800,157560,157320,157080,156840,157080,156780,156480,156180,155880,155580,155280,155160,154860,154740,155640,155340,155040,155400,156300,156000,155700,155400,156060,156240,155940,155640,155340,155040,154740,155340,155100,154860,154740,154620,154920,154620,154800,154980,155160,155640,155820,156000,156180,156360,156540,157380,157560,157740,157920,158100,158280,158460,158640,158820,159000,159180,159360,159540,159720,159900,160080,160260,160440,160620,160800,160980,161160,161520,161700,161880,162060,162240,162420,162600,162780,162960,163440,163620,163800,163740,163860,164040,164340,164520,164520,164880,165240,165600,165960,166320,166320,166080,166860,167220,167580,167340,167700,168060,168420,168780,168480,168240,167940,167640,167340,167820,167520,167220,166920,166980,166680,166380,166500,166200,165900,165600,165300,165000,164700,164400,164100,164400,164100,164160,163860,163560,163260,162960,162660,163140,162840,162540,162480,162180,162180,162060,162060,161760,161460,161160,160860,160560,160260,159960,159660,159480,159180,158880,159120,159000,158880,159600,159480,159360,159240,159120,159000,158880,158760,158580,158460,158340,158220,158820,158640,158460,158280,158160,157980,158640,158460,159240,159060,158880,158700,158760,159600,159420,159240,158940,158760,158640,158520,158400,159240,159120,159000,159720,159600,159480,159300,159600,159420,159240,159420,159240,159120,159000,158880,158760,159240,159120,159000,159240,159420,159300,159180,159660,159480,159300,159120,158940,158880,159240,159120,159000,158880,159300,159180,159060,158820,158700,158580,158460,159060,159360,159240,159120,159660,159540,159420,159300,159180,159060,159600,159480,159360,159240,159120,159000,158880,158760,158640,158520,158400,158280,158160,158040,157920,158760,158460,158340,158220,158100,157980,157860,157740,157620,157500,157440,158160,158040,157920,158820,158700,158580,158460,158340,158220,158100,157980,157860,157980,157860,157740,158340,158220,158100,157980,158880,158760,158640,158520,158400,158280,158160,158340,158760,159000,158880,159780,159480,159360,159240,159300,159180,159060,158940,159360,159240,159060,159360,159240,159120,159000,158880,158760,158640,158940,158820,159240,159120,159000,158880,158760,158640,158460,159300,159180,159060,158940,158820,158760,158640,159180,159060,158940,158820,158700,158580,158460,159240,159120,159000,158880,158760,158640,159480,159360,159240,159120,159000,158880,159480,159180,159000,158880,158760,158640,158520,158640,158520,158400,158280,158160,158040,157800,157680,158400,158880,158640,158400,158160,157920,157680,157440,157200,156960,156720,156600,156360,157260,156960,156660,156360,156060,156660,156360,156060,155760,155460,155160,154860,155460,155880,155580,155280,155880,155940,156660,156360,156720,156540,156240,155940,155640,156180,155880,155580,155520,155640,155340,155040,154740,154440,154140,153840,153540,153240,152940,152640,153060,152760,152460,152160,152340,152640,152340,152040,151740,151440,151140,150840,150540,150600,151260,151080,150780,150840,150720,150420,150660,150360,150060,149760,149460,149160,148860,149460,150240,151140,150840,150540,150420,150420,150120,149820,149520,149220,148920,148680,149580,149280,148980,148920,148620,148560,148860,148560,148260,147960,147660,147420,147120,147900,147900,147600,147300,147000,146700,146400,146100,145800,145500,145500,146220,145920,146520,146220,145920,145800,145500,145260,145560,145680,145560,145260,145800,146700,146400,146100,145800,146700,146400,146100,145800,145500,145200,144900,144600,144300,144000,143700,143400,143100,143040,142740,143400,143100,143340,143040,142740,142440,142200,141900,142380,142080,141780,141480,141180,141240,142140,141840,141540,141240,141000,140700,140400,140100,139800,139560,139260,139020,138720,138420,138120,137820,137520,137220,136920,137760,137460,137160,136920,136620,136680,136380,136740,136440,136140,135840,135540,136440,136980,136680,137340,137040,136740,136440,136140,135840,135840,135540,135240,136140,135840,136080,136320,136980,137700,137400,137100,138000,138900,139800,140700,141600,142500,143400,144300,145200,146100,147000,147900,148800,149700,150600,151500,152400,153300,154200,155100,156000,156900,157800,158700,159600,160500,161400,162300,163200,164100,165000,165900,166800,167700,168600,169500,170400,171300,172200,173100,174000,174900,175800,176700,177600,178500,179400,180300,181200,182100,183000,183900,184800,185700,186600,187500
300,0,0,0,0,0,0,0,0,0,0,0,0,0,0,0,0,0,0,0,0,0,0,0,660,360,60,0,0,0,0,60,0,0,0,0,0,0,0,0,60,0,0,0,0,0,0,0,720,420,120,0,0,420,120,720,420,120,0,0,0,0,0,0,0,0,0,0,0,0,540,240,600,300,0,720,420,120,0,0,0,0,0,0,0,0,0,0,0,0,0,0,0,0,0,0,120,0,120,540,240,0,120,0,600,300,0,120,0,120,0,60,360,60,300,0,120,0,120,0,720,420,120,0,0,0,0,0,0,0,0,0,0,0,0,0,0,0,0,0,0,0,0,0,0,0,420,120,0,0,0,0,0,0,660,1260,960,660,360,180,0,0,0,420,120,0,0,0,0,0,180,0,180,0,180,0,180,0,840,540,240,0,180,780,480,180,0,180,0,180,120,0,180,0,0,0,0,0,0,0,0,0,0,0,0,0,540,780,480,180,0,0,540,240,1020,720,420,120,0,0,0,900,1800,2700,3600,4500,5400,6300,7200,8100,9000,9900,10800,11700,12600,13500,14400,15300,16200,17100,18000,18900,19800,20700,21600,22500,23400,24300,25200,26100,27000,27900,28800,29700,30600,31500,32400,33300,34200,35100,36000,36900,37800,38700,39600,40500,41400,42300,43200,44100,45000,45900,46800,47700,48600,49500,50400,51300,52200,53100,54000,54900,55800,56700,57600,58500,59400,60300,61200,62100,63000,63900,64800,65700,66600,67500,68400,69300,70200,71100,72000,72900,73800,74700,75600,76500,77400,78300,79200,80100,81000,81900,82800,83700,84600,85500,86400,87300,88200,89100,90000,90900,91800,92700,93600,94500,95400,96300,97200,98100,99000,99900,100800,101700,102600,103500,104400,105300,106200,107100,108000,108900,109800,110700,111600,112500,113400,114300,115200,116100,117000,117900,118800,119700,120600,121500,122400,123300,124200,125100,126000,126900,127800,128700,129600,130500,131400,132300,133200,134100,135000,135900,136800,137700,138600,139500,140400,141300,142200,143100,144000,144900,145800,146700,147600,148500,149400,150300,151200,152100,153000,153900,154800,155700,156600,157500,158400,159300,160200,161100,162000,162900,163800,164580,165180,166080,166980,166680,167280,166980,166740,166440,166140,165840,165540,165240,164940,164640,164340,165000,164700,164400,164100,163800,163500,163200,162900,162660,162360,162060,161760,161460,161700,162060,161760,161460,161340,161040,161760,161580,161280,160980,160740,160440,160140,159840,159540,159240,158940,158640,158340,158040,157740,157440,157140,156840,156540,157140,156840,156540,156240,156180,155880,155580,155280,154980,154680,154380,154080,153780,153480,153180,153720,153420,153120,152820,152520,152220,151920,151620,151320,151020,150720,150420,151140,150840,151440,151140,150840,150540,150240,149940,149880,149820,149760,149700,149640,149580,149520,149460,149640,149580,149520,149460,149400,149220,149580,150480,150420,150180,150120,150060,150000,149940,149880,149820,149760,149700,149640,149520,149460,149400,149340,149100,148860,148620,148380,148980,148740,148500,149040,148800,148560,148320,148080,147840,147600,147360,148020,147780,147540,147300,147060,146880,146640,146400,147060,146820,146580,146460,146220,145980,146400,146160,145920,145680,145440,145200,145140,144900,144660,144420,144180,143940,143760,143520,143280,143340,143100,142860,142620,142380,142140,141900,141660,141420,141180,140940,140700,140460,140220,139980,139740,139500,139260,139020,138780,138540,138300,138060,138960,138720,138420,138120,137820,137520,138360,138060,137760,137640,137340,137040,136740,136440,136140,135840,135720,135420,135120,134820,134520,134220,133920,133620,133320,133020,132720,132420,132120,132360,132060,131760,132600,132300,132960,132660,133080,133140,133860,133560,133260,132960,132660,132360,132060,131760,131460,131160,131340,132120,131820,131520,131220,130920,130620,130320,130020,129720,129420,129120,128820,128520,128220,127920,127620,127320,127020,126960,126660,126360,126060,125760,125460,125160,124860,124560,124980,124920,124620,124320,124020,123720,123960,124200,123960,123720,123480,123240,123000,122760,122520,122280,122040,121800,121560,121440,121200,121740,121500,121260,121020,120780,120540,120300,120060,119820,119580,119340,119100,118860,118620,118380,118140,117900,117660,117420,117600,117360,117120,116880,116640,116400,116160,115920,115680,115440,115200,114960,114720,114480,114240,114000,113760,113520,113280,113040,112800,113640,113400,113160,112920,112680,113520,113280,113580,113340,113100,112860,113760,113520,113460,113220,112980,112740,112500,112260,112020,112080,111840,111600,111360,111840,111600,111360,111120,110880,110640,110400,110160,109920,109680,109440,109200,108960,108720,108480,108240,108180,108180,108180,108180,108180,108180,108180,108180,108180,108180,108180,108180,108780,108780,108780,108780,108780,108600,108600,108600,108600,108600,108600,108600,109260,109260,109260,109260,109260,109260,109260,109260,109260,109260,109260,109260,109260,109260,109260,109080,109080,109080,109080,109500,109500,109500,109740,109740,110280,109980,109680,109380,109080,108780,109500,109200,108900,108600,108300,108000,107700,107400,107100,106800,106500,106320,106020,105720,105420,105120,104820,104520,104220,103920,103620,103320,103020,102720,102420,102120,101820,101520,101220,100920,100620,100320,100680,100380,100080,99780,99480,99180,98880,98580,98280,97980,97680,97560,97440,97320,97200,97080,96960,96840,96660,97260,97080,96960,96840,96720,96600,96480,97320,97140,96960,96780,96600,96420,96240,96060,95880,95700,95520,95340,95700,95520,95340,95160,94980,94800,94620,95520,95340,95160,94980,95820,95640,95460,95280,95100,94920,94740,94560,94380,94560,94380,94500,94320,94140,93960,93780,93600,93600,93420,93240,93060,92880,92700,92520,92340,92160,91980,91800,91620,91440,91260,91080,90900,90720,90540,90360,90180,90000,89820,89640,89460,89280,89100,88920,88740,88560,88380,88200,88020,87840,87660,87480,88200,88980,88800,88620,88740,88560,88620,88680,89520,89400,89460,89520,89580,89640,89700,89760,89820,90480,90540,90600,90660,90720,90420,91260,90960,90660,90360,90060,90720,90420,90120,89820,89520,89220,88920,88740,88920,88740,88560,88560,88380,88200,88020,87840,87660,87480,87300,87120,86820,87000,87120,86940,86760,86580,86400,86220,86040,85860,85620,85440,85260,85080,84900,84600,84420,84240,84060,83880,83880,83700,83520,83340,83160,84060,84600,84420,84240,84060,83880,83700,83520,83340,83160,82980,82800,83340,83040,82740,82440,82680,82380,82080,82020,82080,81780,82140,81840,82680,82380,82080,81780,81480,81180,80880,81240,81000,80700,80400,80100,79800,79500,79200,78900,79080,78780,78480,78180,77880,77580,77340,77040,76800,76560,76260,76020,75720,75420,75120,75060,74760,75540,75240,74940,74640,74340,74040,73740,73620,73380,73080,72780,73500,73200,72900,72660,72360,72480,72180,71880,71580,71340,71400,71100,71820,71580,71280,70980,70680,70380,70920,70620,70320,70020,69720,69420,70140,69840,69600,69960,69660,69360,69060,68760,68460,68160,67860,67560,67800,67500,67200,66900,66600,66300,66000,65760,65460,65160,64860,64560,64260,63960,63660,63360,63780,64080,63780,63540,63780,63480,63180,62880,63300,63000,62760,62460,62160,61860,61560,61260,60960,60660,60360,60060,59760,59520,59220,58920,58980,58680,58440,58140,57840,57540,58260,57960,57660,57360,57060,56760,56580,56280,56460,56160,56880,56580,56280,55980,55680,55380,55080,55560,55260,54960,54660,54360,54060,53760,53460,53160,52860,52560,52260,52500,52200,52740,52500,52200,51900,51600,51660,51360,51060,50760,50460,50160,50160,50460,50160,49860,49560,49260,48960,48660,49200,48900,49200,48900,48600,48300,48000,47700,47820,47520,47460,47160,46860,46560,46260,46740,46440,46140,45840,45540,45240,44940,44640,45420,45660,45360,45060,44760,44460,44160,43860,43860,43560,43260,42960,42660,42360,42060,41760,42000,42360,42060,41940,42180,43080,42780,42480,42180,42180,41880,41580,41280,40980,40740,40440,41220,40920,40860,40560,40260,39960,39660,39360,39060,38760,38460,38160,37860,37560,37800,38700,38400,38100,38580,38760,38460,38160,37860,37560,37260,36960,36660,36360,36060,36480,36180,35880,35580,35280,35820,35580,35280,34980,34680,34380,34080,33780,33480,33180,32880,32580,32280,32640,32340,32040,32820,32520,32220,31920,31620,31320,31020,30720,30420,30120,29820,29520,29220,28920,28620,28320,28020,27720,27420,27120,26820,26520,26220,25920,25620,26040,25740,25440,25140,24840,24540,24240,24060,24960,25860,26760,27660,28560,29460,30360,31260,32160,33060,33960,34860,35760,36660,37560,38460,39360,40260,41160,42060,42960,43860,44760,45660,46560,47460,48360,49260,50160,51060,51960,52860,53760,54660,55560,56460,57360,58260,59160,60060,60960,61860,62760,63660,64560,65460,66360,67260,68160,69060,69960,70860,71760,72660,73560,74460,75360,76260,77160,78060,78960,79860,80760,81660,82560,83460,84360,85260,86160,87060,87960,88860,89760,90660,91560
0,0,120,0,180,0,0,0,0,120,60,0,0,0,0,60,0,120,0,0,0,0,0,0,0,0,0,0,0,0,0,0,0,0,0,0,0,120,60,0,120,60,0,120,660,420,180,0,0,0,0,0,0,0,0,120,0,0,0,0,0,0,0,0,720,660,420,180,0,0,0,120,0,0,0,0,120,60,0,120,0,0,60,0,0,0,0,0,0,0,0,0,0,0,0,0,0,360,120,0,540,240,0,0,0,0,0,0,120,0,0,0,0,0,0,0,0,0,0,0,0,120,0,0,0,0,0,0,0,120,0,0,0,0,0,0,120,0,0,0,0,0,0,0,0,0,0,0,0,0,0,0,0,120,0,0,0,0,0,0,0,0,0,0,0,0,0,0,0,0,0,0,120,60,0,120,300,0,120,60,0,120,0,120,0,120,0,120,0,120,0,120,0,120,0,120,0,120,0,120,0,120,360,300,0,120,0,120,0,120,0,120,0,0,0,0,240,0,0,0,0,0,240,0,0,0,0,0,0,0,0,0,0,0,0,0,0,0,0,900,1800,2700,3600,4500,5400,6300,7200,8100,9000,9900,10800,11700,12600,13500,14400,15300,16200,17100,18000,18900,19800,20700,21600,22500,23400,24300,25200,26100,27000,27900,28800,29700,30600,31500,32400,33300,34200,35100,36000,36900,37800,38700,39600,40500,41400,42300,43200,44100,45000,45900,46800,47700,48600,49500,50400,51300,52200,53100,54000,54900,55800,56700,57600,58500,59400,60300,61200,62100,63000,63900,64800,65700,66600,67500,68400,69300,70200,71100,72000,72900,73800,74700,75600,76500,77400,78300,79200,80100,81000,81900,82800,83700,84600,85500,86400,87300,88200,89100,90000,90900,91800,92700,93600,94500,95400,96300,97200,98100,99000,99900,100800,101700,102600,103500,104400,105300,106200,107100,108000,108900,109800,110700,111600,112500,113400,114300,115200,116100,117000,117900,118800,119700,120600,121500,122400,123300,124200,125100,126000,126900,127800,128700,129600,130500,131400,132300,133200,134100,135000,135900,136800,137700,138600,139500,140400,141300,142200,143100,144000,144900,145800,146700,147600,148500,149400,150300,150000,150900,150600,150300,150000,149700,149400,149100,148800,148500,148200,147900,147600,147300,147060,146820,147720,147420,147120,146820,146580,147360,147120,146820,146580,146280,146040,145740,145440,145140,144840,144600,144300,144060,144420,144180,143940,143700,143400,143100,142800,142500,142200,141900,141600,141300,141060,140760,140520,140220,139920,139620,139320,139020,138720,138420,138120,137820,137520,137220,136920,136620,136320,136020,135720,135420,135120,134820,134520,134220,133920,133620,133320,133020,132720,132420,132120,131880,131580,131280,130980,130680,130440,130140,129840,129600,129300,129000,128700,128820,128520,128220,127920,127620,127320,127020,126720,126420,126120,125820,125520,125220,124920,125520,125220,124920,124620,124320,124020,123720,123420,123300,123000,122880,123180,123060,122760,122640,122580,122280,122160,121860,121740,121440,121320,121020,120900,120600,120480,120180,119940,119640,119400,119100,118860,118560,118320,118260,118020,117780,118680,118380,118140,117840,117600,117300,117060,116760,116520,116460,116220,115920,115680,115620,115320,115020,114720,114420,114120,113820,113520,113220,112920,112620,112320,112020,111720,111420,111120,110820,110520,110220,110040,109740,109440,109140,108840,108540,108240,107940,107640,107460,108360,108060,107760,107460,107160,107940,107640,107340,107040,106740,106980,106680,106380,106080,105780,105480,105300,105300,105000,104700,104520,104220,103920,103620,103320,103020,102720,103080,103500,103200,102900,102600,102300,102000,101700,101400,101520,101220,100920,100620,100320,100020,99720,99540,99360,99060,98760,98460,98160,97860,97680,97380,97080,96780,96480,96180,95880,95580,95280,94980,94680,95340,96000,95700,95520,95400,95100,94800,94500,94200,93900,93720,93540,93240,92940,92640,92340,92040,91920,91620,91320,91020,90720,90420,90240,89940,89640,89340,89040,88740,88440,88140,87840,87540,87360,87060,86760,86460,86940,86640,86340,86040,85860,85560,85260,84960,84660,84360,84060,83760,83460,83160,83820,83520,83340,83160,82860,82560,82260,81960,81660,81360,81060,80760,80460,80160,79860,79560,79260,78960,78660,78360,78060,77760,77460,77160,76860,76560,77280,76980,76680,76380,76080,75900,75600,75300,75000,74700,74400,74100,73800,73500,73200,73020,72720,72420,72120,71820,71520,71220,70920,70620,70320,70020,70080,69780,69480,70380,70080,70320,70320,70020,69720,69420,69120,68820,68520,68220,67920,67620,67320,67020,66720,66420,66120,65820,65520,65220,64920,64740,64440,64260,63960,63660,63360,63960,63660,63360,63060,62760,62460,62160,61860,62340,62040,61740,61560,61260,60960,60660,60360,60060,59760,59460,59160,58860,58560,58260,58920,58620,58440,58140,57840,57660,57360,57060,56760,56460,56160,55860,55560,55260,54960,54780,54480,54300,54000,53700,53520,53220,52920,53280,52980,52680,52380,52080,51780,51480,51300,51000,50820,50520,50220,49920,49620,49320,49020,48840,48540,48240,48060,47880,47700,47520,47340,47160,46860,47340,47040,47520,47220,47940,47640,47340,47040,46740,46560,46380,46080,45780,45480,45180,44880,44580,44280,43980,43680,43500,43200,42900,43200,42900,43500,43740,43440,43140,42840,42540,42240,42060,41760,41460,41160,40860,40560,40380,40200,39900,39600,39300,39000,38700,38400,38220,38040,37740,38160,37980,37680,37500,38400,38220,38040,37860,38700,38400,38100,37920,37740,37560,37380,37200,36900,36600,36300,36000,35700,35400,35100,34800,34500,34200,33900,33720,33420,33120,32820,32520,32220,31920,31620,31320,31020,30720,30420,30120,29820,29520,30180,29880,29580,29280,30000,29700,29400,29220,28920,28740,28440,28140,27840,28440,28140,27840,27540,27240,27060,27900,27600,27300,28020,27840,27540,27240,26940,26640,26460,26160,25860,25560,25260,24960,24660,24360,24060,23880,23580,23280,22980,22680,22380,22080,21780,21480,21840,21540,21240,20940,20640,20340,20040,19740,19440,19140,18840,18540,18240,18060,17760,17460,17160,16980,16800,16500,16200,15900,15600,15300,15000,14700,14400,14100,13860,13740,13440,13260,12960,12660,12360,12060,11760,11460,11160,10860,10560,10380,10200,10020,9840,9540,9240,8940,8640,8340,8040,7740,7440,7200,6900,6660,6360,6120,6060,5820,5880,5640,5340,5040,4740,4500,4200,3900,3600,3360,3060,2820,2520,2280,1980,1740,1440,1200,900,660,600,360,300,60,0,0,0,0,0,0,0,0,0,0,0,0,0,0,0,0,0,0,0,0,0,0,0,0,0,840,540,300,0,0,0,0,0,0,0,0,0,360,60,0,0,0,0,0,120,0,0,0,0,0,0,0,0,0,0,0,0,0,0,0,180,0,0,0,0,0,120,0,0,0,120,0,0,780,480,240,0,0,0,0,0,0,0,0,120,0,0,0,0,0,840,600,300,60,0,0,120,0,0,0,0,0,60,0,0,0,0,0,0,0,120,0,0,660,420,120,0,0,0,0,0,0,0,120,0,0,0,180,0,0,0,0,0,0,0,0,0,0,0,120,0,0,0,0,120,0,0,120,0,0,0,0,0,0,120,0,0,0,0,0,0,0,0,0,0,0,120,0,0,120,180,120,60,0,120,0,60,0,0,0,0,0,0,0,0,0,0,0,0,0,0,0,0,0,0,0,0,0,0,0,540,240,0,0,780,660,600,360,120,0,0,300,240,180,480,240,0,0,0,0,120,60,0,0,0,0,0,0,0,0,0,0,0,0,120,0,0,0,0,0,0,0,720,420,360,120,0,600,300,60,0,0,0,0,0,120,0,0,0,0,0,0,0,600,300,60,0,0,0,0,0,0,420,180,0,0,0,0,0,0,0,0,0,0,0,0,0,0,0,0,0,120,0,0,0,0,0,120,0,0,0,0,0,0,0,0,0,0,120,0,0,780,480,180,0,0,0,900,1800,2700,3600,4500,5400,6300,7200,8100,9000,9900,10800,11700,12600,13500,14400,15300,16200,17100,18000,18900,19800,20700,21600,22500,23400,24300,25200,26100,27000,27900,28800,29700,30600,31500,32400,33300,34200,35100,36000,36900,37800,38700,39600,40500,41400,42300
0,0,0,0,0,0,0,0,0,840,540,360,60,0,0,0,0,0,0,0,0,0,60,0,0,60,0,0,0,0,0,0,60,240,60,0,0,0,0,0,0,0,0,0,0,0,0,0,0,0,0,0,0,0,0,0,0,0,0,0,0,0,0,0,0,0,60,0,0,0,0,0,0,60,0,0,0,0,0,540,360,60,0,0,0,0,0,0,0,0,0,0,0,0,0,0,0,0,0,720,540,240,60,0,0,0,0,0,0,60,0,60,120,0,0,0,0,0,0,0,0,0,0,0,0,0,0,0,0,0,0,0,0,0,0,0,0,0,0,0,0,0,0,0,0,0,0,0,0,0,0,0,0,0,0,0,0,0,0,0,0,0,0,0,0,480,300,0,0,0,0,0,0,0,0,0,0,0,0,0,0,0,0,0,0,0,0,0,0,0,0,0,0,0,0,60,0,0,0,0,0,0,0,0,0,900,600,420,120,0,0,60,0,0,60,120,180,240,300,360,420,480,540,600,660,720,1140,1200,1260,1320,1380,1440,1500,1560,1620,1680,1740,1800,1860,1680,1740,2640,3540,4440,5340,6240,7140,8040,8940,9840,10740,11640,12540,13440,14340,15240,16140,17040,17940,18840,19740,20640,21540,22440,23340,24240,25140,26040,26940,27840,28740,29640,30540,31440,32340,33240,34140,35040,35940,36840,37740,38640,39540,40440,41340,42240,43140,44040,44940,45840,46740,47640,48540,49440,50340,51240,52140,53040,53940,54840,55740,56640,57540,58440,59340,60240,61140,62040,62940,63840,64740,65640,66540,67440,68340,69240,70140,71040,71940,72840,73740,74640,75540,76440,77340,78240,79140,80040,80940,81840,82740,83640,84540,85440,86340,87240,88140,89040,89940,90840,91740,92640,93540,94440,95340,96240,97140,98040,98940,99840,100740,101640,102540,103440,104340,105240,106140,107040,107940,108840,109740,110640,111540,112440,113340,114240,115140,116040,116940,117840,118740,119640,120540,121440,122340,123240,124140,125040,125940,126840,127740,128640,129540,130440,131340,132240,133140,134040,134940,135840,136740,137640,138540,139440,140340,141240,142140,143040,143940,144840,145740,146640,147540,148440,149340,150240,149940,150840,150540,150240,149940,149640,149340,149040,148740,148440,148140,147840,147540,147900,147600,147300,147120,146820,146520,146280,146040,145740,145500,145260,145020,144720,144480,144240,144000,143700,143460,143160,142920,142620,142380,142080,141840,141540,141300,141000,140760,140460,140220,139920,139680,139380,139140,138840,138540,138240,137940,137700,137400,137100,137040,136740,136440,136140,135840,135540,135240,134940,134640,134340,134040,133740,133440,133140,132840,132600,132300,132000,131760,131520,132000,131700,131400,131100,130800,130500,130200,129900,129600,129300,129060,128760,128460,128160,127860,127560,127260,126960,126660,126360,126060,125760,125460,125160,124860,124620,124320,124080,123780,123480,123180,122880,122580,122280,121980,121680,121380,121080,120780,120480,120180,119940,119640,120420,120120,119820,119520,119220,118920,118620,118320,118020,117720,117780,117480,117180,116880,116580,116280,115980,115680,115380,115080,114780,114480,114180,113880,113580,113280,112980,113340,113040,112740,112440,112140,111840,111540,111240,110940,110640,110340,110040,109740,109440,109140,108900,108600,108360,108120,107880,107640,107400,107100,106800,106500,106200,105900,105600,105300,105000,104700,104460,104160,103860,103560,103260,102960,102660,102360,102060,101760,101460,101160,100860,100560,100260,100020,99720,99420,99120,98820,98520,98220,97920,97620,97320,97080,96780,96480,96180,95880,95580,95280,94980,94680,94380,94080,93780,93480,94080,93780,93480,93180,92880,92580,92280,91980,91680,91380,91080,90780,90540,90240,89940,89640,89340,89040,88800,88560,88320,88080,87840,87600,87300,87000,86700,86400,86100,85800,85500,85200,84900,84600,84300,84000,83760,83520,83220,82920,82620,82320,82020,81720,81420,81120,80820,80520,80220,80880,80580,80280,79980,79680,79380,79080,78780,78480,78180,77880,77820,77520,77220,76920,76620,76320,76020,75720,75420,75120,74820,74520,74220,74940,74640,74400,74100,73800,73500,73200,72900,72600,72300,72000,71760,71460,71160,70860,70560,70260,69960,69660,69360,69060,68760,68460,68160,67860,67560,67260,66960,66660,66420,66120,65820,65520,65220,64920,64620,64320,64020,63720,63420,63120,62820,62520,62220,61920,61620,61320,61020,60720,60420,60120,59820,59520,59220,58920,58620,58320,58020,57720,57420,57120,56820,56520,56220,55920,55620,55380,55080,54780,54480,54180,53880,53580,53280,52980,52680,52380,52080,52140,51840,51540,51240,50940,50640,50340,50040,49800,49500,49200,48900,48600,48300,48000,47700,47400,47100,46800,46500,46200,45900,45600,45300,45000,45660,45360,45060,44760,44460,44160,43860,43560,43260,42960,42660,42360,42060,41760,42600,42300,42000,41700,41400,41100,40800,40500,40200,39900,39600,39300,39480,39180,38880,38580,38280,37980,37740,37440,37140,36840,36540,36240,35940,35640,35340,35040,34740,35100,34800,34560,34260,33960,33660,33360,33060,32760,32460,32160,32700,32400,32100,31800,31560,31260,30960,30660,30660,30360,30060,29760,29460,29160,28860,28560,28260,27960,28320,28020,27720,27420,27120,26880,26580,26280,25980,25680,25380,25080,24780,24480,24180,23880,23580,23280,22980,22680,22380,22080,21780,21480,21180,20880,20640,20340,20040,19740,19500,19200,18900,18600,18300,18000,17700,17400,17100,16800,16500,16200,16680,16380,16080,15780,15480,15180,14880,14580,14580,14280,14460,14160,13860,13620,13320,13020,12720,12420,12180,12600,12300,12000,11700,11700,12120,11820,11520,11220,10920,10620,10320,10020,9720,9420,9120,8820,8520,8220,7920,7620,7320,7020,6780,6480,6180,5880,5580,5280,4980,4740,4440,4140,3900,3960,4020,3780,3840,3900,3960,4860,4620,4380,4140,3840,3660,3480,3300,3120,2940,2760,2580,2400,2220,2040,2100,2160,1980,1800,1620,1440,1260,1080,900,720,540,360,180,0,0,0,0,0,0,0,0,0,0,0,0,0,0,0,0,0,0,0,0,0,0,0,0,0,0,0,0,0,0,0,0,0,0,0,0,0,0,0,0,0,0,0,0,0,0,0,0,0,0,0,0,0,0,0,0,0,0,0,0,0,0,0,0,0,0,0,0,0,0,0,0,0,0,0,0,0,0,0,0,0,60,0,0,0,0,0,0,0,0,0,0,0,60,120,0,0,0,0,0,0,0,120,0,0,0,0,0,0,0,0,0,0,0,0,0,0,0,0,0,0,0,0,240,60,0,420,120,0,0,0,0,0,0,0,0,0,0,0,0,0,0,0,0,0,0,0,0,0,0,0,0,0,0,0,0,60,900,720,420,240,0,60,0,0,0,0,0,0,0,60,0,0,0,0,0,0,0,0,0,0,0,0,0,0,0,60,0,0,60,0,0,0,0,0,0,0,0,60,0,0,0,0,0,0,0,0,0,60,0,0,0,0,0,0,0,0,0,0,420,120,0,0,0,0,0,0,0,0,0,0,0,0,0,0,0,0,0,0,0,0,0,0,0,0,0,0,0,0,0,0,0,0,0,0,0,0,0,0,0,0,0,0,240,300,120,0,0,0,0,0,0,0,0,0,0,60,120,0,0,0,0,0,0,0,0,0,0,0,0,0,0,0,0,0,0,0,0,840,540,360,60,0,0,0,0,0,0,0,0,0,0,60,120,180,240,300,360,420,480,540,1200,1260,1080,900,720,540,240,60,0,0,0,0,0,0,0,0,0,0,60,0,0,0,0,0,0,60,0,0,0,0,0,0,0,0,0,0,0,0,0,0,60,0,0,0,0,0,0,0,0,0,0,0,0,0,0,0,0,0,0,60,0,0,0,180,0,0,60,0,0,0,0,0,0,0,0,0,0,60,960,1860,2760,3660,4560,5460,6360,7260,8160,9060,9960,10860,11760,12660,13560,14460,15360,16260,17160,18060,18960,19860,20760,21660,22560,23460,24360,25260,26160,27060,27960,28860,29760,30660,31560,32460,33360,34260,35160,36060,36960,37860,38760,39660,40560
0,0,0,0,0,0,0,0,0,0,0,0,0,0,60,0,0,0,60,0,0,0,0,0,0,0,0,0,0,0,0,0,0,0,0,60,0,0,0,0,0,0,0,0,0,0,0,0,0,0,0,0,0,0,0,0,0,60,0,60,120,180,240,300,360,420,480,540,600,660,720,960,1020,900,780,660,540,420,300,180,60,0,0,0,0,0,0,0,0,0,0,0,0,180,60,0,0,0,0,0,0,0,0,0,0,0,0,0,840,900,780,660,540,420,300,180,60,0,0,60,0,0,0,0,0,0,0,0,0,0,0,0,0,0,0,0,0,0,0,0,60,0,0,0,0,0,0,0,0,0,0,0,0,0,780,480,360,60,0,0,0,0,0,0,0,0,0,0,0,0,0,0,0,0,0,60,0,0,0,0,0,60,120,0,0,0,60,0,60,0,60,0,60,0,60,0,60,0,60,0,60,0,60,0,60,120,180,240,0,60,0,60,120,0,60,0,0,0,60,120,180,240,300,0,60,0,60,0,60,0,60,0,60,420,480,540,600,660,720,420,180,1080,1980,2880,3780,4680,5580,6480,7380,8280,9180,10080,10980,11880,12780,13680,14580,15480,16380,17280,18180,19080,19980,20880,21780,22680,23580,24480,25380,26280,27180,28080,28980,29880,30780,31680,32580,33480,34380,35280,36180,37080,37980,38880,39780,40680,41580,42480,43380,44280,45180,46080,46980,47880,48780,49680,50580,51480,52380,53280,54180,55080,55980,56880,57780,58680,59580,60480,61380,62280,63180,64080,64980,65880,66780,67680,68580,69480,70380,71280,72180,73080,73980,74880,75780,76680,77580,78480,79380,80280,81180,82080,82980,83880,84780,85680,86580,87480,88380,89280,90180,91080,91980,92880,93780,94680,95580,96480,97380,98280,99180,100080,100980,101880,102780,103680,104580,105480,106380,107280,108180,109080,109980,110880,111780,112680,113580,114480,115380,116280,117180,118080,118980,119880,120780,121680,122580,123480,124380,125280,126180,127080,127980,128880,129780,130680,131580,132480,133380,134280,135180,136080,136980,137880,138780,139680,140580,141480,142380,143280,144180,145080,145980,146880,147780,148680,148380,149280,148980,148800,148500,148200,147900,147600,147300,147000,147600,147300,147000,146700,146460,146160,145920,145620,145380,145080,144840,144540,144240,143940,143640,143340,143040,142740,142440,142200,141900,141660,141360,141660,141360,141120,140820,140520,140220,139920,139680,139380,139080,138780,138480,139140,138840,138540,138240,137940,137640,137340,137040,136740,136440,136140,135840,135540,135240,134940,134640,134340,134040,133740,133500,133200,132900,132600,132300,132060,131760,131520,131220,130980,130740,130500,130260,130020,129780,130560,130320,130080,129780,129540,129240,129000,128700,128460,128160,127920,127620,127320,127020,126720,126420,126180,125880,125640,125340,125100,124800,124560,124260,123960,123660,123360,123060,122760,122460,122160,121860,122400,122100,121800,121500,121200,120900,120600,121260,120960,120660,120360,120060,119760,119460,119160,118860,118560,118260,117960,117660,117480,117300,117000,116760,116460,116160,115860,115560,115260,114960,114660,114360,114060,113760,113460,113160,112860,112560,112260,111960,111660,111360,111060,110760,110460,110220,109920,109620,109320,109020,108720,108420,108120,107820,107520,108060,107760,107580,107280,106980,106680,106380,106080,105780,105480,105180,104880,104580,104280,103980,103680,103380,103080,102780,102480,102180,101880,101580,101280,100980,100680,100380,100080,99780,99480,99480,99180,98880,98580,98280,98100,97800,97500,97200,96900,96720,96420,96120,95820,95520,95220,94920,94620,94320,94020,93720,93420,93120,92820,92520,92220,91920,91680,91380,91080,90780,90480,90180,89880,89580,89280,88980,88680,88380,88080,87780,87480,87180,86880,86580,86280,85980,85800,85620,85320,85020,84720,84420,84120,83820,83520,83220,82920,82620,82320,82020,81720,81420,81120,80820,80520,80220,79920,79620,79320,79020,78720,78420,78120,77820,77520,77220,76920,76740,76440,76140,75840,75540,75300,75000,74700,74400,74100,73800,73500,73200,73020,72720,72420,72120,71820,72600,72300,72000,71700,71400,71100,70800,70500,70200,69900,69600,69300,69000,68700,68400,68100,67800,67560,67260,66960,66660,66360,66060,65760,65460,65160,64860,64560,64260,63960,63660,63360,63060,62760,62460,62160,62040,62880,62580,62400,62100,61800,61500,61200,60900,60600,60300,60000,59700,59400,59100,58800,58500,58200,57900,57600,57840,57540,57240,56940,56640,56340,56040,56640,56340,56040,55860,55680,55380,55080,55740,56400,56100,55800,55500,55200,54900,54600,54300,54000,53700,53400,53100,52800,52500,52200,51900,51600,51300,51000,50700,50400,50100,50760,50580,50280,49980,49680,49500,49200,48900,48600,48300,48000,47700,47400,47100,46800,46500,46800,46500,46200,45900,45600,45300,45000,44700,44520,44220,43920,43620,43320,43140,42960,42780,42480,42180,41880,41580,41280,40980,40680,40380,40080,39780,39480,39180,38880,38580,38280,37980,37680,37380,37080,36780,36480,36180,35880,35580,35280,34980,34680,34380,34080,33780,33480,33180,32880,32580,32280,31980,31680,31380,31080,30780,30480,30180,29880,29580,29280,28980,28800,28500,28200,27900,27600,27300,27000,26700,26400,26100,25800,25500,25200,24900,24720,24420,24120,23820,23520,23220,22920,22620,22320,22020,21720,21420,21240,20940,20640,20340,20040,19740,19440,19140,18840,18540,18240,17940,17640,17340,17040,16860,16560,16260,15960,15780,15480,15180,14880,14580,14280,13980,13680,13380,13080,12780,12480,12180,12000,11700,12600,12300,12120,11820,11520,11220,10920,10620,10320,10020,9720,9420,9120,8820,8520,8220,7920,7620,7320,7020,6720,6420,6120,5820,5520,5220,4920,4620,4320,4020,3720,3420,3120,2820,2520,2220,1920,1620,1320,1020,720,420,120,0,0,0,0,0,0,0,0,0,0,0,0,0,0,0,0,60,0,0,0,0,0,540,240,0,0,0,0,0,0,0,0,0,0,0,0,0,660,360,60,0,0,60,0,60,0,0,0,0,0,0,0,0,0,0,0,0,0,0,0,0,0,0,0,0,0,0,60,0,0,0,0,0,0,0,0,0,0,0,0,0,60,0,0,0,0,0,0,0,0,0,0,0,0,0,0,0,0,0,0,0,0,0,0,0,0,0,0,0,0,0,0,0,0,0,0,0,0,60,0,0,0,0,0,0,0,60,120,180,60,0,60,120,0,0,0,60,120,180,240,300,360,420,480,540,600,660,720,600,480,360,240,120,0,60,0,0,0,60,0,0,0,0,0,0,0,0,0,0,0,60,0,0,0,0,0,0,0,0,0,0,0,0,0,0,0,0,0,0,0,0,0,0,0,0,0,0,0,0,0,0,0,0,0,0,0,0,0,0,0,0,0,0,0,60,0,0,0,0,0,0,0,0,0,0,0,0,0,0,0,0,0,0,0,0,0,0,0,0,0,0,60,0,0,60,0,0,240,0,0,0,0,0,420,120,0,0,0,0,0,0,0,60,0,0,0,0,0,0,0,0,0,0,0,0,0,0,0,0,0,0,0,0,0,60,0,0,0,0,60,120,0,0,0,0,0,0,0,0,0,60,0,0,0,0,0,0,0,0,0,0,0,0,0,0,0,0,0,0,0,0,60,0,0,0,0,0,0,0,0,0,0,0,0,0,0,0,0,0,0,0,0,0,0,0,0,0,0,0,0,60,0,0,0,0,60,0,0,0,0,0,0,0,0,0,0,0,0,0,0,0,60,0,0,600,480,360,240,120,0,480,360,240,120,0,0,60,0,0,0,0,60,120,780,840,900,960,840,720,600,480,360,240,120,0,0,0,0,0,0,540,600,420,300,0,0,0,0,0,0,60,0,0,0,900,1800,2700,3600,4500,5400,6300,7200,8100,9000,9900,10800,11700,12600,13500,14400,15300,16200,17100,18000,18900,19800,20700,21600,22500,23400,24300,25200,26100,27000,27900,28800,29700,30600,31500,32400,33300,34200,35100,36000,36900,37800,38700,39600
0,0,0,0,0,0,0,0,0,0,0,0,0,0,0,60,0,0,0,0,0,0,0,0,0,0,0,0,0,0,0,0,0,0,0,0,0,0,0,0,0,0,0,0,0,0,0,0,0,0,0,420,180,0,0,60,0,0,420,180,0,0,0,0,0,0,0,0,0,0,0,0,0,0,0,0,0,0,0,0,0,0,0,0,0,0,0,0,0,0,0,0,0,0,0,0,0,0,0,0,0,0,120,0,0,0,0,0,0,0,0,0,0,0,0,60,0,0,0,0,0,0,0,60,0,0,0,0,0,0,0,0,0,0,0,60,0,0,0,0,0,0,0,660,360,120,0,0,0,660,360,120,0,0,0,0,0,0,0,0,0,0,0,0,0,0,60,0,0,0,0,0,0,0,0,480,300,120,0,0,0,0,0,0,0,0,0,0,60,0,0,0,0,0,60,0,0,0,0,0,0,0,0,0,0,0,0,0,0,0,0,0,0,0,0,0,60,0,0,0,0,0,0,0,0,0,0,0,0,0,0,0,60,0,0,0,480,300,360,1260,2160,3060,3960,4860,5760,6660,7560,8460,9360,10260,11160,12060,12960,13860,14760,15660,16560,17460,18360,19260,20160,21060,21960,22860,23760,24660,25560,26460,27360,28260,29160,30060,30960,31860,32760,33660,34560,35460,36360,37260,38160,39060,39960,40860,41760,42660,43560,44460,45360,46260,47160,48060,48960,49860,50760,51660,52560,53460,54360,55260,56160,57060,57960,58860,59760,60660,61560,62460,63360,64260,65160,66060,66960,67860,68760,69660,70560,71460,72360,73260,74160,75060,75960,76860,77760,78660,79560,80460,81360,82260,83160,84060,84960,85860,86760,87660,88560,89460,90360,91260,92160,93060,93960,94860,95760,96660,97560,98460,99360,100260,101160,102060,102960,103860,104760,105660,106560,107460,108360,109260,110160,111060,111960,112860,113760,114660,115560,116460,117360,118260,119160,120060,120960,121860,122760,123660,124560,125460,126360,127260,128160,129060,129960,130860,131760,132660,133560,134460,135360,136260,137160,138060,138960,139860,140760,141660,142560,143460,144360,145260,146160,147060,147960,148860,149760,150660,150360,151260,150960,150660,150360,150060,149760,149460,150300,150000,149700,149400,149100,148800,148680,148380,148260,147960,147840,147540,147420,147300,147180,147060,146940,146820,146700,146580,146280,146160,145860,145740,145440,145320,145200,145080,144960,144840,144540,144420,144120,143880,143640,143400,143160,142920,142680,142440,142140,141900,141600,141360,141060,140820,140520,140280,139980,139740,139440,139200,139200,138960,138720,138420,138180,137880,137640,137340,137100,136800,136560,136260,136020,135780,135480,135240,134940,134700,134460,134220,133920,133620,133320,133020,132720,132420,132120,131820,131520,131220,131340,131760,131460,131160,130860,130560,130320,130800,130560,130260,130020,129720,129480,129240,128940,128700,128460,128160,127920,127620,127380,127140,126900,126600,126360,126060,125820,125520,125280,124980,124740,125640,125400,125100,124860,124560,124260,124020,123720,123420,123120,122820,122520,122220,121920,121620,121320,121020,120720,120420,120120,119820,119520,119220,118920,118620,118320,118020,117720,117420,117120,117960,117660,117360,117060,116760,116460,116160,115860,115560,115260,114960,114660,114360,114060,113760,113460,113160,112860,112620,112320,112020,111720,111420,111120,110820,110520,110280,109980,109740,109440,109140,108840,108540,108240,108000,107700,107400,107760,107460,107160,106860,106920,106620,106320,106020,105720,105420,105120,104820,104520,104220,103920,103680,103380,103080,102780,102480,102180,101880,101580,101280,100980,100680,100380,100080,99780,99480,99180,98880,98580,98280,97980,97680,97380,97080,96780,96480,96180,95880,95580,95280,94980,94680,94500,94200,93900,93600,93300,93000,92700,92400,92100,91800,91500,91200,90900,90600,90300,90000,89760,89460,89160,88860,88680,88380,88080,87780,87480,87180,86880,86580,86280,85980,85680,85380,85980,85680,85380,85080,84780,84480,84180,83880,83580,83280,82980,82680,82380,82080,81780,81480,81180,80880,80580,80280,79980,79680,79380,79080,78780,78480,78180,77880,77580,77280,76980,76680,76380,76080,75780,75480,75180,74880,74580,74280,73980,74640,74340,74040,73740,73440,73200,72900,72600,72300,72000,71700,71400,71100,70800,70500,70200,69900,69600,69300,69000,68700,68400,68100,67800,67500,67200,66900,66600,66300,66060,65760,65460,65160,64860,64560,64260,64080,63780,63480,63180,62880,62580,62280,61980,61680,61380,61080,60780,60480,60180,59880,59640,59400,59100,58800,58500,58200,57900,57600,57300,57000,56700,56400,56100,55800,55500,55200,54900,54600,54300,54540,54240,53940,53640,53340,53040,52740,52440,52140,51840,51540,51240,50940,50640,50340,50040,50940,50640,50340,50040,50160,49860,49560,49260,48960,48660,48360,48060,47760,47460,47160,46860,46560,46260,45960,45720,45480,45240,45000,44760,44520,44220,43920,43620,43320,43020,42720,42420,42120,41820,41520,41220,40920,40620,40320,40260,39960,39660,39360,39060,38760,38460,38160,37860,37560,37260,36960,36660,36360,36060,35760,35520,35220,34920,34620,34320,34020,33720,34620,34320,34020,33720,33420,33120,32820,32520,32220,31920,31620,31320,31020,31140,30840,30540,30240,29940,29640,29340,29040,28740,28440,28140,27840,27540,27900,27600,27300,27000,26700,26400,26100,25800,25500,25200,24900,24600,24300,24000,23700,23400,23100,22800,22500,22200,21900,21600,21300,21000,20700,20400,20100,19800,19560,19260,18960,18660,18360,18060,17760,17460,17160,16860,16560,16260,15960,15660,15360,15060,14760,14460,14160,13860,13560,13260,12960,12660,12360,12060,11760,11460,11160,10860,10560,10260,9960,9660,9360,9060,8760,8460,8220,7920,7620,7320,7020,6720,6420,6120,5820,5520,5220,5700,5460,5160,4860,4560,4260,3960,3660,3360,3060,2760,2460,2160,1860,2760,2460,2160,1860,1560,1260,960,660,360,60,0,0,0,0,0,0,0,0,0,0,0,0,0,0,0,0,0,0,0,0,0,0,0,0,0,0,0,0,0,0,60,0,0,0,60,720,480,240,0,0,0,0,0,0,0,0,0,0,0,0,0,0,0,0,60,0,60,60,0,0,0,0,0,0,0,0,0,0,0,540,300,660,420,120,420,120,0,0,0,0,0,0,0,0,0,0,0,60,0,0,120,660,420,120,0,900,660,360,120,0,0,0,0,60,0,0,0,60,0,0,0,0,0,0,0,0,0,0,0,0,0,0,0,360,120,0,0,0,0,0,0,0,0,0,0,600,360,60,0,0,0,0,0,0,0,0,0,0,0,0,0,0,0,0,0,0,0,0,0,0,0,0,60,0,0,0,0,0,0,0,0,0,0,0,0,60,0,0,0,0,0,0,0,0,0,0,0,0,0,0,0,660,360,120,0,0,0,0,0,0,60,60,0,0,0,0,0,0,0,0,0,0,60,0,0,0,0,0,60,0,0,0,60,120,0,0,0,0,0,0,0,0,0,0,0,600,420,240,60,0,0,0,0,0,0,540,240,60,0,0,0,0,0,0,0,0,0,0,0,0,0,0,0,0,0,60,120,0,0,0,0,0,0,0,0,0,0,0,0,0,0,0,0,60,0,0,0,0,0,0,0,0,0,0,0,60,180,0,0,0,0,0,0,0,0,0,0,0,0,0,0,0,0,0,0,0,0,780,600,300,120,0,0,0,0,0,0,0,0,0,0,0,0,60,0,780,600,300,120,0,0,60,240,60,0,0,0,0,0,0,0,0,0,0,0,0,0,0,0,0,0,0,0,0,0,0,0,0,0,0,0,0,0,0,0,60,0,0,0,0,0,0,0,0,0,0,0,0,0,0,0,0,60,0,0,0,0,0,0,0,0,0,0,0,900,1800,2700,3600,4500,5400,6300,7200,8100,9000,9900,10800,11700,12600,13500,14400,15300,16200,17100,18000,18900,19800,20700,21600,22500,23400,24300,25200,26100,27000,27900,28800,29700,30600,31500,32400,33300,34200,35100,36000,36900,37800,38700,39600,40500,41400,42300,43200
0,0,720,420,120,0,0,0,0,780,480,180,0,0,0,0,0,300,0,0,60,0,60,0,0,0,0,0,0,0,0,0,0,0,0,0,0,0,0,0,0,0,0,0,0,0,0,240,180,0,0,0,0,0,0,0,0,0,0,0,0,0,0,0,0,0,0,0,0,0,0,0,0,0,0,0,0,0,0,0,60,0,0,0,0,0,0,0,0,0,0,0,0,60,120,180,0,0,0,0,0,300,0,0,0,0,0,0,0,0,0,0,0,0,0,0,0,0,660,600,300,240,0,0,0,0,0,0,0,0,0,720,780,720,420,360,60,0,0,0,0,0,0,0,0,0,0,0,300,240,0,0,420,360,60,0,0,0,0,0,0,0,0,0,0,0,0,0,0,60,0,0,0,0,0,0,0,0,0,0,0,0,0,0,0,0,0,0,0,0,0,0,0,0,0,0,0,0,0,0,0,0,840,660,360,180,0,0,60,0,0,60,0,0,0,0,0,600,660,360,180,0,0,120,0,0,0,0,0,0,0,0,0,0,0,0,0,0,0,0,0,900,1800,2700,3600,4500,5400,6300,7200,8100,9000,9900,10800,11700,12600,13500,14400,15300,16200,17100,18000,18900,19800,20700,21600,22500,23400,24300,25200,26100,27000,27900,28800,29700,30600,31500,32400,33300,34200,35100,36000,36900,37800,38700,39600,40500,41400,42300,43200,44100,45000,45900,46800,47700,48600,49500,50400,51300,52200,53100,54000,54900,55800,56700,57600,58500,59400,60300,61200,62100,63000,63900,64800,65700,66600,67500,68400,69300,70200,71100,72000,72900,73800,74700,75600,76500,77400,78300,79200,80100,81000,81900,82800,83700,84600,85500,86400,87300,88200,89100,90000,90900,91800,92700,93600,94500,95400,96300,97200,98100,99000,99900,100800,101700,102600,103500,104400,105300,106200,107100,108000,108900,109800,110700,111600,112500,113400,114300,115200,116100,117000,117900,118800,119700,120600,121500,122400,123300,124200,125100,126000,126900,127800,128700,129600,130500,131400,132300,133200,134100,135000,135900,136800,137700,138600,139500,140400,141300,142200,143100,144000,144900,145800,146700,147600,148500,148200,149100,148800,148500,148200,147900,147600,147300,147000,147600,147300,147000,146700,146400,146100,145800,145500,145200,144900,144600,144300,144000,143700,143400,143100,143280,142980,142680,142380,142080,141780,141480,141180,140880,140580,140280,139980,139680,139380,139080,138780,138480,138180,137880,137580,137280,136980,136680,136380,137220,136920,136620,136320,136020,135720,135420,135120,134880,134640,134400,134160,133920,133680,133440,133200,132960,132720,132480,132180,132000,131760,131460,131160,130860,130560,130260,129960,129660,129360,129060,128760,128460,128160,127860,127560,127260,126960,126660,126360,126060,125760,125460,125160,124860,124560,124260,123960,123660,123360,123060,122760,122460,122160,121860,121560,121260,120960,120660,120360,120060,119820,119580,119340,119040,119760,119460,119160,118860,118560,118260,117960,117660,117360,117060,116760,116460,116160,115860,115560,115260,114960,114660,114360,114060,113760,113460,113160,114060,113760,113460,113160,112860,112560,112260,111960,111660,111360,111060,110760,110460,110160,109860,109560,109320,109020,108780,108480,108240,107940,107700,107400,107160,106860,106620,106380,106140,105840,105600,105300,105060,104760,104520,104460,104220,103920,103680,103380,103140,102840,102600,102300,102060,101760,101520,101220,100980,100680,100380,100080,99780,99480,99180,98880,98580,98280,97980,97680,98220,97920,97620,97380,97860,97560,97260,96960,96660,96420,96180,95880,95580,96000,95700,95400,95160,94860,94560,94260,93960,93660,93360,93060,92760,92460,92160,91860,91560,92160,91860,91560,91560,91320,91020,90720,90420,90120,89820,89520,89220,88920,88620,88320,88740,88440,88140,87840,87540,87240,86940,86640,86400,86100,85860,85560,85260,85440,85140,84840,84540,84240,84000,83700,83400,83160,82860,82620,82860,82560,83460,83160,82860,82560,82260,81960,81660,81360,81060,80760,80460,80160,79860,79560,79260,78960,78660,78360,78060,77760,77460,77160,76860,76560,77220,77700,77400,77100,76800,76500,76200,75900,75600,75300,75000,74700,74400,74100,73800,73500,73200,72900,72600,73020,73020,72840,72540,72240,72000,71700,71400,71100,70800,70500,70200,69900,69600,69360,69060,68760,68460,68160,67920,67620,67320,67020,66720,66420,66120,65820,65520,65220,64920,64680,64380,64080,63780,63480,63180,62880,62580,62280,61980,61680,61380,61080,61620,61320,61020,60720,60420,60120,59820,59580,59280,58980,58680,58380,58140,57840,57600,57300,57000,56700,56400,56100,56880,56580,56280,55980,55680,55380,55080,55020,54780,54480,54180,53880,53580,53280,53220,52920,52620,52320,52020,51720,51420,51180,50880,50580,50280,49980,49740,49440,49140,49860,49560,49260,50040,49740,49440,49140,48840,48540,48240,47940,47640,47340,47040,46740,46440,46140,45840,45540,45240,45000,44700,44940,44640,44340,44040,43740,43440,43140,42840,42540,42240,41940,41640,41340,41040,40740,40440,40140,39840,39540,39240,38940,38640,38340,38040,37740,37440,37140,36840,36540,36240,35940,35640,35340,35040,34740,34500,34200,33900,33600,33300,33000,32700,32400,32100,31800,31500,31200,30900,30600,30300,30420,30120,29820,29520,29220,28920,28620,28320,28020,27720,27480,27180,26880,26580,26280,25980,25680,25380,25080,24780,24480,24180,23880,23580,23280,22980,22680,23160,22860,22560,22260,21960,21660,22200,21900,21600,21300,21000,20700,20400,21240,20940,20640,21000,20700,20400,20100,19800,19500,19200,18900,18600,18300,18000,17700,17460,17160,16860,16560,16260,15960,15660,15360,15060,14760,15480,15180,14880,14580,14400,14100,13800,13500,13200,12900,12600,12300,12000,11700,11400,11100,10800,10500,10200,9900,9600,9300,9000,8700,8400,8460,8160,7860,7560,7260,6960,6660,6420,6120,5820,5520,5220,4920,4620,4320,4020,3720,3840,3720,3600,3480,3360,3240,3120,3000,2880,2760,2640,2520,2400,2280,2160,2040,1920,1680,1560,1320,1200,960,840,600,480,240,120,0,0,0,0,0,0,0,0,0,0,0,0,0,0,0,60,0,60,180,60,0,0,0,0,0,0,0,0,0,0,420,240,60,840,660,360,180,0,0,0,0,0,0,0,0,0,0,0,0,0,0,480,300,360,60,0,0,0,0,780,1560,1380,1080,900,600,420,120,0,0,0,0,0,0,0,0,0,0,360,60,0,0,0,0,0,0,0,0,0,0,0,0,0,0,60,120,180,240,300,840,900,960,1020,840,1500,1320,1140,960,780,600,420,240,60,0,0,60,0,0,0,0,0,0,60,0,0,0,180,0,0,0,0,0,0,0,240,0,0,0,0,0,0,0,0,0,900,600,420,120,0,0,0,0,0,0,60,0,0,0,0,0,0,0,0,0,0,0,0,0,0,0,0,0,0,0,0,0,480,180,0,0,0,0,0,0,0,0,0,0,0,0,0,0,0,0,0,0,0,0,0,0,0,0,0,0,0,0,0,0,0,0,0,0,300,120,0,0,0,0,60,0,0,0,0,0,0,60,0,0,0,0,0,0,0,60,0,60,0,0,0,0,0,0,0,840,540,360,60,0,0,60,0,60,0,0,0,0,0,0,0,0,0,0,0,0,0,0,0,0,0,240,60,0,60,0,0,0,0,0,0,0,0,0,0,0,0,0,0,60,0,0,0,0,0,0,0,0,0,0,0,0,60,0,0,0,0,0,0,0,0,0,0,0,0,0,0,0,0,0,0,0,0,0,0,60,120,0,0,0,0,0,0,0,0,0,0,600,420,240,60,0,0,0,0,0,0,60,0,780,600,780,600,420,240,60,0,0,0,0,0,0,0,60,0,60,120,180,240,300,120,0,0,0,0,0,0,0,480,300,480,300,120,0,0,0,900,1800,2700,3600,4500,5400,6300,7200,8100,9000,9900,10800,11700,12600,13500,14400,15300,16200,17100,18000,18900,19800,20700,21600,22500,23400,24300,25200,26100,27000,27900,28800,29700,30600,31500,32400,33300,34200,35100,36000,36900,37800,38700
0,0,0,0,0,0,0,0,0,0,0,0,0,0,0,0,0,0,0,60,0,0,0,0,0,0,0,0,0,0,60,0,0,0,0,60,0,0,0,0,0,0,0,0,60,0,0,60,0,0,0,60,120,180,0,0,0,0,0,0,0,0,60,0,0,0,0,0,0,0,0,0,0,0,60,0,0,0,0,0,0,0,0,0,0,0,0,0,60,0,0,540,360,180,240,300,360,420,720,780,600,420,240,60,0,0,0,0,0,0,0,0,0,0,0,0,0,0,0,0,0,0,0,0,0,0,0,0,0,0,0,0,0,0,0,0,0,0,0,0,0,60,120,0,0,0,0,0,0,0,0,0,0,0,0,0,0,0,0,180,0,0,0,0,0,480,180,0,480,300,0,0,0,0,0,0,0,0,0,0,0,0,0,0,840,1560,1260,1080,780,600,660,480,180,240,60,0,0,60,0,0,0,0,0,0,0,0,0,0,60,0,0,0,0,0,0,0,0,0,0,0,0,60,0,60,240,300,0,60,0,60,0,60,0,60,0,60,660,720,420,480,420,1320,2220,3120,4020,4920,5820,6720,7620,8520,9420,10320,11220,12120,13020,13920,14820,15720,16620,17520,18420,19320,20220,21120,22020,22920,23820,24720,25620,26520,27420,28320,29220,30120,31020,31920,32820,33720,34620,35520,36420,37320,38220,39120,40020,40920,41820,42720,43620,44520,45420,46320,47220,48120,49020,49920,50820,51720,52620,53520,54420,55320,56220,57120,58020,58920,59820,60720,61620,62520,63420,64320,65220,66120,67020,67920,68820,69720,70620,71520,72420,73320,74220,75120,76020,76920,77820,78720,79620,80520,81420,82320,83220,84120,85020,85920,86820,87720,88620,89520,90420,91320,92220,93120,94020,94920,95820,96720,97620,98520,99420,100320,101220,102120,103020,103920,104820,105720,106620,107520,108420,109320,110220,111120,112020,112920,113820,114720,115620,116520,117420,118320,119220,120120,121020,121920,122820,123720,124620,125520,126420,127320,128220,129120,130020,130920,131820,132720,133620,134520,135420,136320,137220,138120,139020,139920,140820,141720,142620,143520,144420,145320,146220,147120,148020,148920,148620,149520,149220,148920,148620,148440,148140,147840,147540,147240,146940,146640,146340,146040,145740,145440,145140,144840,144600,144300,144000,143760,143460,143160,142860,142560,142260,141960,141660,141360,141060,140820,140580,140340,140100,139800,139500,139200,138900,138600,138300,138060,137760,137460,137160,136860,137400,137100,136800,136500,136200,135900,135660,135360,135060,134760,134460,134160,133860,133560,133260,132960,132660,132360,132060,131760,131460,131160,130860,130560,130260,129960,129660,130260,129960,129660,129360,129060,128760,128460,128160,127860,127560,127260,126960,126660,126360,126060,125760,125460,125160,124860,124560,124260,123960,123660,123360,123060,122760,122460,122160,121860,121560,121260,120960,120660,120360,120060,119760,119460,119160,118860,118560,118260,117960,117660,117360,117060,116760,116460,116160,115860,115560,115260,114960,114660,114360,114060,113760,114480,114180,113880,113580,113280,112980,112680,112380,112080,111780,111480,111180,110880,110580,110280,109980,109680,109380,109080,108840,108540,108300,108000,107700,107400,107100,106800,106500,106200,105900,105600,105300,105000,104700,104460,104160,103860,103560,103260,102960,102660,102360,102060,101760,101460,101160,100920,100620,100380,101100,100860,100620,100320,100020,99720,99420,99120,98820,98520,98220,97920,97620,97380,97080,96780,96480,96180,95880,95580,95280,94980,94680,94380,94080,93780,93480,93180,92880,92580,92280,91980,91680,91380,91080,90780,90480,90180,89880,89580,89280,89160,88860,88620,88320,88620,88320,88020,87720,87540,87240,86940,86640,86340,86040,85740,85440,85140,84900,84600,84300,84000,83700,84540,84240,83940,83640,83340,83040,82740,82440,82140,81840,81540,81240,80940,80640,80340,80040,79740,79440,79200,78900,78600,78300,78000,77700,77400,77100,76800,76500,76200,75900,75600,75300,75000,74700,74400,74100,74400,74100,73800,73500,73200,72900,72600,72300,72060,71760,71460,71400,71100,70800,70560,70260,69960,69660,69360,69060,68760,68460,68160,67860,67560,67260,67020,66720,66420,66120,65820,65520,65220,64920,64620,64320,64020,63720,63420,63120,62820,62760,62460,62640,62340,62040,61740,61440,61140,60840,60540,60240,59940,59640,59340,59040,58740,58440,58140,57840,57540,57300,57000,56700,56460,56160,55860,55560,55260,54960,54660,54360,54060,53760,53460,53160,52860,52560,52260,51960,51660,51360,51060,50760,50460,50160,49860,49560,49260,48960,48660,48360,48060,47760,47940,47700,47400,47100,46800,46500,46200,45900,45600,45300,45000,44700,44400,44100,43800,43500,43200,42900,42720,42420,42120,41820,41520,41220,40980,40680,40380,40080,39780,39540,39300,39000,38700,38400,38100,37800,37560,37320,37080,36840,36600,36360,36120,35880,35640,35340,35040,34740,34440,34140,33840,33540,33240,32940,32640,32340,32040,31740,31440,31140,30840,30600,30300,30000,29700,29400,29100,28800,28500,28200,27900,27600,27300,27000,26700,26400,26100,25860,25560,25260,24960,24660,24360,24060,23760,23460,23160,22860,22560,23400,23100,22800,22500,22200,21900,21720,21420,21120,20820,20520,20220,19920,19620,19320,19020,18720,18420,18360,18060,17760,17460,17160,16860,16560,16260,15960,15660,15360,15060,15480,15180,14880,14580,14280,13980,13680,13380,13140,12840,12540,12300,12720,12480,12240,12000,11760,11520,11460,11220,10980,10740,10500,10260,10020,9780,9540,9300,9060,8760,8460,8160,7860,7560,7260,6960,6660,6360,6060,5760,5460,5160,4860,4560,4260,4620,4320,4020,3720,3420,3120,2820,2520,2220,1920,1620,1320,1020,720,420,180,0,0,60,0,0,0,0,0,0,0,0,0,0,0,0,60,0,540,240,0,0,0,0,0,60,0,0,0,0,0,0,0,0,0,0,0,60,0,0,0,0,0,0,0,0,0,0,0,0,0,0,0,0,0,0,0,60,0,0,60,120,180,240,300,120,0,0,0,0,0,0,0,0,0,0,0,0,540,360,180,0,0,0,0,0,0,0,0,0,0,0,0,0,0,0,0,0,0,900,720,420,240,0,0,0,0,0,0,0,0,0,0,0,0,0,0,0,0,0,0,60,0,0,0,0,0,0,0,60,0,60,0,900,600,420,120,0,0,0,0,0,540,360,60,0,0,0,0,0,0,0,0,0,0,0,0,0,0,0,0,0,60,0,0,540,360,180,720,540,360,180,240,60,0,0,0,0,0,0,0,0,0,0,0,0,0,0,0,0,0,0,0,0,0,0,0,480,300,0,0,0,0,0,0,0,0,0,60,0,0,0,0,0,0,0,0,60,0,0,0,0,0,0,0,0,0,0,0,0,0,0,0,0,0,0,0,0,0,0,0,0,0,0,0,0,0,0,0,0,0,0,0,0,0,0,0,0,0,0,0,0,0,0,540,240,60,0,0,0,0,0,0,0,0,0,0,0,0,0,0,0,0,0,0,0,0,0,0,0,0,0,0,0,0,0,0,0,0,0,0,0,0,0,0,0,0,0,0,0,0,0,0,0,0,0,0,0,0,0,0,0,0,0,0,0,0,0,0,0,0,0,0,0,0,0,0,0,0,0,0,0,0,0,0,0,0,0,0,0,0,0,0,0,0,780,480,300,360,180,0,0,0,0,0,0,0,0,0,0,0,0,0,0,0,60,0,0,0,60,120,0,0,0,0,540,240,60,0,0,0,0,0,0,0,0,0,0,0,0,0,0,0,0,0,0,0,0,0,0,0,0,0,0,0,0,0,0,0,0,540,360,180,0,0,0,0,0,0,0,0,0,0,0,60,0,0,0,0,900,1800,2700,3600,4500,5400,6300,7200,8100,9000,9900,10800,11700,12600,13500,14400,15300,16200,17100,18000,18900,19800,20700,21600,22500,23400,24300,25200,26100,27000,27900,28800,29700,30600,31500,32400,33300,34200,35100,36000,36900,37800,38700,39600,40500
0,0,60,0,0,0,0,120,120,120,120,120,120,120,120,120,120,120,0,0,0,0,0,0,0,0,0,0,0,60,0,0,0,0,0,0,0,0,0,0,0,0,60,0,0,0,0,0,0,0,0,0,60,0,0,0,0,0,0,0,180,0,0,0,0,0,0,0,0,0,0,0,0,0,0,0,0,0,0,60,0,0,0,0,0,0,0,0,540,300,0,0,540,300,0,0,0,0,0,0,0,0,0,0,0,0,0,0,0,60,60,0,0,0,0,0,0,0,0,0,0,0,0,0,0,0,0,0,0,0,0,0,0,0,0,0,0,0,0,0,0,0,0,0,0,0,0,0,0,0,0,0,0,0,0,0,0,0,0,0,0,0,0,0,0,0,0,0,0,0,0,0,0,0,0,720,600,360,240,1020,900,660,540,300,180,0,0,0,0,0,0,0,0,0,0,0,0,0,0,0,0,0,0,0,0,0,0,0,0,60,0,0,0,0,0,0,0,0,0,0,0,0,0,0,0,0,0,0,0,0,0,0,0,780,600,300,360,60,120,60,960,1860,2760,3660,4560,5460,6360,7260,8160,9060,9960,10860,11760,12660,13560,14460,15360,16260,17160,18060,18960,19860,20760,21660,22560,23460,24360,25260,26160,27060,27960,28860,29760,30660,31560,32460,33360,34260,35160,36060,36960,37860,38760,39660,40560,41460,42360,43260,44160,45060,45960,46860,47760,48660,49560,50460,51360,52260,53160,54060,54960,55860,56760,57660,58560,59460,60360,61260,62160,63060,63960,64860,65760,66660,67560,68460,69360,70260,71160,72060,72960,73860,74760,75660,76560,77460,78360,79260,80160,81060,81960,82860,83760,84660,85560,86460,87360,88260,89160,90060,90960,91860,92760,93660,94560,95460,96360,97260,98160,99060,99960,100860,101760,102660,103560,104460,105360,106260,107160,108060,108960,109860,110760,111660,112560,113460,114360,115260,116160,117060,117960,118860,119760,120660,121560,122460,123360,124260,125160,126060,126960,127860,128760,129660,130560,131460,132360,133260,134160,135060,135960,136860,137760,138660,139560,140460,141360,142260,143160,144060,144960,145860,146760,147660,148560,149460,149160,150060,149760,149460,149160,148860,148560,148260,147960,147660,147540,147240,146940,146640,146340,146040,145740,145440,145140,144840,144540,144240,143940,143640,143340,143040,142740,142440,142140,141840,141540,141240,140940,140640,140340,140040,139740,139440,139140,138840,138540,138240,137940,137640,137340,137040,136740,136500,136200,135900,135600,135300,135000,134700,134400,134100,133800,133500,133200,132900,133020,132720,132420,132120,131820,131520,131220,130920,130620,130320,130020,129720,129420,129120,128820,128520,128220,127920,127680,127380,127080,126780,126480,126960,126660,126360,126060,125760,125460,125160,124920,124620,124320,124020,124680,124380,124140,123840,123540,123240,122940,122640,122340,122040,121740,121440,121140,120840,120540,120240,119940,119640,119400,119100,118800,118500,118200,117900,117600,117360,117540,117240,117300,117000,116700,116400,116100,115800,115500,115200,114900,115200,114900,114600,114300,114000,113700,113460,113160,112860,112560,112260,111960,111660,111360,111120,110820,110520,110220,109920,109620,109320,109020,108780,108480,108180,107880,107640,107340,107040,106740,106440,106140,105840,105600,105300,105060,104760,104460,104160,103860,103560,103260,102960,102660,102360,102060,101760,101460,101160,100860,100560,100260,99960,99660,99420,99120,98820,98520,98220,97920,97620,97320,97020,96720,96960,96660,96360,96060,95760,95520,95220,94920,94620,94320,94020,93720,93420,93120,92820,92520,92220,91920,91620,91320,91020,90720,90960,90660,90360,90060,89760,89460,89160,88860,88560,89460,89160,88860,88560,88260,87960,87660,87360,87060,86760,86460,86160,85860,86760,86460,86160,85860,85560,85260,84960,84660,84360,84060,83760,83460,83640,83340,83040,82740,82440,82140,81840,81540,81240,80940,80640,80340,80040,79740,79440,79680,79800,79500,79200,78900,78600,78960,78660,78360,78060,78900,78600,78300,78000,77700,77400,77100,76800,76500,76200,75900,75600,75300,75000,74700,74400,75240,74940,74640,74820,74520,74220,73920,73620,73320,73020,72720,72420,72180,71880,71580,71580,71280,70980,70680,70380,70080,69780,69480,69180,68880,68580,68340,68040,67740,68220,67920,67620,67320,67020,66720,66420,66120,65820,65520,65220,64920,64680,64380,64080,63780,63480,63180,62880,62580,62280,61980,61680,61380,61080,60780,60480,60180,59880,59580,59280,58980,58740,58440,58140,57840,57540,57240,56940,56640,56340,56040,55740,55440,55140,54840,54540,54240,53940,53640,53340,53040,52740,52440,52140,51900,51600,51300,51000,50700,50400,50100,49800,49500,49200,48900,48600,48300,48000,47700,47400,47100,46800,46500,46200,45900,45600,45300,45000,44700,44400,44100,43800,43500,43200,42900,42600,42300,42000,41700,41400,41100,40800,40500,40200,39900,39600,39300,39000,38700,38400,38100,37800,37500,37200,36900,36600,36300,36000,35700,35400,35100,34800,34500,34260,33960,33660,33360,33060,32820,32520,32220,31920,31620,32220,31920,31620,31320,31020,30720,30420,30120,29880,29580,29280,28980,28680,28380,28080,28920,28620,28320,28020,27720,27420,27120,26880,26580,26280,25980,25680,25380,25080,24780,24480,24180,24600,24300,24000,23700,24300,24000,23700,23400,23100,22800,22500,22200,21900,21660,21360,21060,20760,20460,20160,19860,19560,19260,18960,18660,18360,18060,17760,17460,17160,16860,16560,16260,16020,15720,15420,15120,14820,14880,14580,14280,15060,14760,14460,14400,14100,13800,13500,13200,12900,12600,12300,12000,11700,11400,11100,10800,11340,11040,10740,11340,11040,11700,11400,11100,10800,10500,10200,9900,9600,9300,9000,8760,8460,8160,7860,7560,7260,6960,6660,6360,6060,5760,5460,5160,4920,4620,4320,4020,3720,3720,3600,4380,4080,3780,3660,3660,3540,3540,3420,3420,3300,3300,3180,3180,3060,3060,2940,2940,2820,2820,2700,2700,2580,2580,2460,2460,2340,2340,2580,2460,2460,2340,2340,2220,2220,1920,1740,1800,1500,1320,1020,840,540,360,60,0,0,0,0,0,60,0,0,0,0,780,600,300,120,0,0,0,0,0,0,0,0,0,0,0,0,0,0,0,0,0,0,0,0,0,0,0,0,0,0,0,0,0,0,0,0,0,0,0,0,0,0,60,0,0,0,0,0,0,0,0,0,60,0,0,0,0,0,0,0,0,0,0,0,0,0,0,0,0,0,0,0,0,0,0,0,780,480,300,0,0,0,0,0,0,0,0,660,480,180,0,0,0,0,0,0,0,0,0,0,0,0,0,0,0,60,0,0,0,0,0,0,0,0,0,0,60,0,0,0,60,0,0,0,0,0,0,0,0,0,0,0,0,0,0,0,0,0,0,0,0,0,60,0,0,0,0,0,0,0,0,0,0,0,0,60,0,0,480,300,120,0,300,120,0,0,0,900,600,420,120,0,0,0,0,0,0,0,0,0,0,0,0,0,480,300,0,0,0,0,0,0,0,0,0,0,0,0,0,0,0,0,0,0,0,0,0,60,0,0,0,0,0,0,0,0,0,660,360,180,0,0,0,0,0,0,0,0,0,60,360,180,0,0,0,0,0,0,240,60,0,0,0,0,0,0,0,0,0,0,0,0,0,0,0,0,0,0,0,0,300,120,0,60,0,0,0,0,0,0,0,0,60,0,0,0,0,0,0,0,0,60,0,0,0,0,660,480,300,0,0,0,0,0,0,60,0,0,0,0,0,0,0,0,0,0,60,0,0,480,300,120,0,0,0,0,0,0,0,0,0,0,0,0,0,60,0,0,0,0,0,0,0,0,0,60,0,0,0,0,0,0,0,0,0,0,0,0,0,0,0,0,60,0,0,0,0,0,0,0,60,0,0,0,60,0,0,0,300,120,1020,1920,2820,3720,4620,5520,6420,7320,8220,9120,10020,10920,11820,12720,13620,14520,15420,16320,17220,18120,19020,19920,20820,21720,22620,23520,24420,25320,26220,27120,28020,28920,29820,30720,31620,32520,33420,34320,35220,36120,37020,37920
